Time,V1,V2,V3
0,0.975891552,1.015317358,1.000836692
1,0.975880726,1.015310141,1.000833083
2,0.975880726,1.015310141,1.000833083
3,0.975880726,1.015310141,1.000833083
4,0.975880726,1.015310141,1.000833083
5,0.975880726,1.015310141,1.000833083
6,0.975880726,1.015310141,1.000833083
7,0.975880726,1.015310141,1.000833083
8,0.975880726,1.015310141,1.000833083
9,0.975880726,1.015310141,1.000833083
10,0.975880726,1.015310141,1.000833083
11,0.975880726,1.015310141,1.000833083
12,0.975880726,1.015310141,1.000833083
13,0.975880726,1.015310141,1.000833083
14,0.975880726,1.015310141,1.000833083
15,0.975880726,1.015310141,1.000833083
16,0.975880726,1.015310141,1.000833083
17,0.975880726,1.015310141,1.000833083
18,0.975880726,1.015310141,1.000833083
19,0.975880726,1.015310141,1.000833083
20,0.975880726,1.015310141,1.000833083
21,0.975880726,1.015310141,1.000833083
22,0.975880726,1.015310141,1.000833083
23,0.975880726,1.015310141,1.000833083
24,0.975880726,1.015310141,1.000833083
25,0.975880726,1.015310141,1.000833083
26,0.975880726,1.015310141,1.000833083
27,0.975880726,1.015310141,1.000833083
28,0.975880726,1.015310141,1.000833083
29,0.975880726,1.015310141,1.000833083
30,0.984660059,1.020697541,1.006952996
31,0.984663667,1.020701149,1.006952996
32,0.984663667,1.020701149,1.006952996
33,0.984663667,1.020701149,1.006952996
34,0.984663667,1.020701149,1.006952996
35,0.984663667,1.020701149,1.006952996
36,0.984663667,1.020701149,1.006952996
37,0.984663667,1.020701149,1.006952996
38,0.984663667,1.020701149,1.006952996
39,0.984663667,1.020701149,1.006952996
40,0.984663667,1.020701149,1.006952996
41,0.984663667,1.020701149,1.006952996
42,0.984663667,1.020701149,1.006952996
43,0.984663667,1.020701149,1.006952996
44,0.984663667,1.020701149,1.006952996
45,0.984663667,1.020701149,1.006952996
46,0.984663667,1.020701149,1.006952996
47,0.984663667,1.020701149,1.006952996
48,0.984663667,1.020701149,1.006952996
49,0.984663667,1.020701149,1.006952996
50,0.984663667,1.020701149,1.006952996
51,0.984663667,1.020701149,1.006952996
52,0.984663667,1.020701149,1.006952996
53,0.984663667,1.020701149,1.006952996
54,0.984663667,1.020701149,1.006952996
55,0.984663667,1.020701149,1.006952996
56,0.984663667,1.020701149,1.006952996
57,0.984663667,1.020701149,1.006952996
58,0.984663667,1.020701149,1.006952996
59,0.984663667,1.020701149,1.006952996
60,0.984663667,1.020701149,1.006952996
61,0.984663667,1.020701149,1.006952996
62,0.984663667,1.020701149,1.006952996
63,0.984663667,1.020701149,1.006952996
64,0.984663667,1.020701149,1.006952996
65,0.984663667,1.020701149,1.006952996
66,0.984663667,1.020701149,1.006952996
67,0.984663667,1.020701149,1.006952996
68,0.984663667,1.020701149,1.006952996
69,0.984663667,1.020701149,1.006952996
70,0.984663667,1.020701149,1.006952996
71,0.984663667,1.020701149,1.006952996
72,0.984663667,1.020701149,1.006952996
73,0.984663667,1.020701149,1.006952996
74,0.984663667,1.020701149,1.006952996
75,0.984663667,1.020701149,1.006952996
76,0.984663667,1.020701149,1.006952996
77,0.984663667,1.020701149,1.006952996
78,0.984663667,1.020701149,1.006952996
79,0.984663667,1.020701149,1.006952996
80,0.984663667,1.020701149,1.006952996
81,0.984663667,1.020701149,1.006952996
82,0.984663667,1.020701149,1.006952996
83,0.984663667,1.020701149,1.006952996
84,0.984663667,1.020701149,1.006952996
85,0.984663667,1.020701149,1.006952996
86,0.984663667,1.020701149,1.006952996
87,0.984663667,1.020701149,1.006952996
88,0.984663667,1.020701149,1.006952996
89,0.989008228,1.023375003,1.009980477
90,0.989008228,1.023375003,1.009980477
91,0.989008228,1.023375003,1.009980477
92,0.989008228,1.023375003,1.009980477
93,0.989008228,1.023375003,1.009980477
94,0.989008228,1.023375003,1.009980477
95,0.989008228,1.023375003,1.009980477
96,0.989008228,1.023375003,1.009980477
97,0.989008228,1.023375003,1.009980477
98,0.989008228,1.023375003,1.009980477
99,0.989008228,1.023375003,1.009980477
100,0.989008228,1.023375003,1.009980477
101,0.989008228,1.023375003,1.009980477
102,0.989008228,1.023375003,1.009980477
103,0.989008228,1.023375003,1.009980477
104,0.989008228,1.023375003,1.009980477
105,0.989008228,1.023375003,1.009980477
106,0.989008228,1.023375003,1.009980477
107,0.989008228,1.023375003,1.009980477
108,0.989008228,1.023375003,1.009980477
109,0.989008228,1.023375003,1.009980477
110,0.989008228,1.023375003,1.009980477
111,0.989008228,1.023375003,1.009980477
112,0.989008228,1.023375003,1.009980477
113,0.989008228,1.023375003,1.009980477
114,0.989008228,1.023375003,1.009980477
115,0.989008228,1.023375003,1.009980477
116,0.989008228,1.023375003,1.009980477
117,0.989008228,1.023375003,1.009980477
118,0.989008228,1.023375003,1.009980477
119,0.989008228,1.023375003,1.009980477
120,0.989008228,1.023375003,1.009980477
121,0.989008228,1.023375003,1.009980477
122,0.989008228,1.023375003,1.009980477
123,0.989008228,1.023375003,1.009980477
124,0.989008228,1.023375003,1.009980477
125,0.989008228,1.023375003,1.009980477
126,0.989008228,1.023375003,1.009980477
127,0.989008228,1.023375003,1.009980477
128,0.989008228,1.023375003,1.009980477
129,0.989008228,1.023375003,1.009980477
130,0.989008228,1.023375003,1.009980477
131,0.989008228,1.023375003,1.009980477
132,0.989008228,1.023375003,1.009980477
133,0.989008228,1.023375003,1.009980477
134,0.989008228,1.023375003,1.009980477
135,0.989008228,1.023375003,1.009980477
136,0.989008228,1.023375003,1.009980477
137,0.989008228,1.023375003,1.009980477
138,0.989008228,1.023375003,1.009980477
139,0.989008228,1.023375003,1.009980477
140,0.989008228,1.023375003,1.009980477
141,0.989008228,1.023375003,1.009980477
142,0.989008228,1.023375003,1.009980477
143,0.989008228,1.023375003,1.009980477
144,0.989008228,1.023375003,1.009980477
145,0.989008228,1.023375003,1.009980477
146,0.989008228,1.023375003,1.009980477
147,0.989008228,1.023375003,1.009980477
148,0.989008228,1.023375003,1.009980477
149,0.989008228,1.023375003,1.009980477
150,0.993309488,1.022822912,1.007674684
151,0.993298662,1.022819303,1.007671075
152,0.993298662,1.022819303,1.007671075
153,0.993298662,1.022819303,1.007671075
154,0.993298662,1.022819303,1.007671075
155,0.993298662,1.022819303,1.007671075
156,0.993298662,1.022819303,1.007671075
157,0.993298662,1.022819303,1.007671075
158,0.993298662,1.022819303,1.007671075
159,0.993298662,1.022819303,1.007671075
160,0.993298662,1.022819303,1.007671075
161,0.993298662,1.022819303,1.007671075
162,0.993298662,1.022819303,1.007671075
163,0.993298662,1.022819303,1.007671075
164,0.993298662,1.022819303,1.007671075
165,0.993298662,1.022819303,1.007671075
166,0.993298662,1.022819303,1.007671075
167,0.993298662,1.022819303,1.007671075
168,0.993298662,1.022819303,1.007671075
169,0.993298662,1.022819303,1.007671075
170,0.993298662,1.022819303,1.007671075
171,0.993298662,1.022819303,1.007671075
172,0.993298662,1.022819303,1.007671075
173,0.993298662,1.022819303,1.007671075
174,0.993298662,1.022819303,1.007671075
175,0.993298662,1.022819303,1.007671075
176,0.993298662,1.022819303,1.007671075
177,0.993298662,1.022819303,1.007671075
178,0.993298662,1.022819303,1.007671075
179,0.993298662,1.022819303,1.007671075
180,0.993298662,1.022819303,1.007671075
181,0.993298662,1.022819303,1.007671075
182,0.993298662,1.022819303,1.007671075
183,0.993298662,1.022819303,1.007671075
184,0.993298662,1.022819303,1.007671075
185,0.993298662,1.022819303,1.007671075
186,0.993298662,1.022819303,1.007671075
187,0.993298662,1.022819303,1.007671075
188,0.993298662,1.022819303,1.007671075
189,0.993298662,1.022819303,1.007671075
190,0.993298662,1.022819303,1.007671075
191,0.993298662,1.022819303,1.007671075
192,0.993298662,1.022819303,1.007671075
193,0.993298662,1.022819303,1.007671075
194,0.993298662,1.022819303,1.007671075
195,0.993298662,1.022819303,1.007671075
196,0.993298662,1.022819303,1.007671075
197,0.993298662,1.022819303,1.007671075
198,0.993298662,1.022819303,1.007671075
199,0.993298662,1.022819303,1.007671075
200,0.993298662,1.022819303,1.007671075
201,0.993298662,1.022819303,1.007671075
202,0.993298662,1.022819303,1.007671075
203,0.993298662,1.022819303,1.007671075
204,0.993298662,1.022819303,1.007671075
205,0.993298662,1.022819303,1.007671075
206,0.993298662,1.022819303,1.007671075
207,0.993298662,1.022819303,1.007671075
208,0.993298662,1.022819303,1.007671075
209,0.994727604,1.023703371,1.008656179
210,0.994731213,1.023706979,1.008656179
211,0.994731213,1.023706979,1.008656179
212,0.994731213,1.023706979,1.008656179
213,0.994731213,1.023706979,1.008656179
214,0.994731213,1.023706979,1.008656179
215,0.994731213,1.023706979,1.008656179
216,0.994731213,1.023706979,1.008656179
217,0.994731213,1.023706979,1.008656179
218,0.994731213,1.023706979,1.008656179
219,0.994731213,1.023706979,1.008656179
220,0.994731213,1.023706979,1.008656179
221,0.994731213,1.023706979,1.008656179
222,0.994731213,1.023706979,1.008656179
223,0.994731213,1.023706979,1.008656179
224,0.994731213,1.023706979,1.008656179
225,0.994731213,1.023706979,1.008656179
226,0.994731213,1.023706979,1.008656179
227,0.994731213,1.023706979,1.008656179
228,0.994731213,1.023706979,1.008656179
229,0.994731213,1.023706979,1.008656179
230,0.994731213,1.023706979,1.008656179
231,0.994731213,1.023706979,1.008656179
232,0.994731213,1.023706979,1.008656179
233,0.994731213,1.023706979,1.008656179
234,0.994731213,1.023706979,1.008656179
235,0.994731213,1.023706979,1.008656179
236,0.994731213,1.023706979,1.008656179
237,0.994731213,1.023706979,1.008656179
238,0.994731213,1.023706979,1.008656179
239,0.994731213,1.023706979,1.008656179
240,0.994731213,1.023706979,1.008656179
241,0.994731213,1.023706979,1.008656179
242,0.994731213,1.023706979,1.008656179
243,0.994731213,1.023706979,1.008656179
244,0.994731213,1.023706979,1.008656179
245,0.994731213,1.023706979,1.008656179
246,0.994731213,1.023706979,1.008656179
247,0.994731213,1.023706979,1.008656179
248,0.994731213,1.023706979,1.008656179
249,0.994731213,1.023706979,1.008656179
250,0.994731213,1.023706979,1.008656179
251,0.994731213,1.023706979,1.008656179
252,0.994731213,1.023706979,1.008656179
253,0.994731213,1.023706979,1.008656179
254,0.994731213,1.023706979,1.008656179
255,0.994731213,1.023706979,1.008656179
256,0.994731213,1.023706979,1.008656179
257,0.994731213,1.023706979,1.008656179
258,0.994731213,1.023706979,1.008656179
259,0.994731213,1.023706979,1.008656179
260,0.994731213,1.023706979,1.008656179
261,0.994731213,1.023706979,1.008656179
262,0.994731213,1.023706979,1.008656179
263,0.994731213,1.023706979,1.008656179
264,0.994731213,1.023706979,1.008656179
265,0.994731213,1.023706979,1.008656179
266,0.994731213,1.023706979,1.008656179
267,0.994731213,1.023706979,1.008656179
268,0.994731213,1.023706979,1.008656179
269,0.994731213,1.023706979,1.008656179
270,0.997578271,1.025475114,1.01061917
271,0.997585488,1.025475114,1.010622779
272,0.997585488,1.025475114,1.010622779
273,0.997585488,1.025475114,1.010622779
274,0.997585488,1.025475114,1.010622779
275,0.997585488,1.025475114,1.010622779
276,0.997585488,1.025475114,1.010622779
277,0.997585488,1.025475114,1.010622779
278,0.997585488,1.025475114,1.010622779
279,0.997585488,1.025475114,1.010622779
280,0.997585488,1.025475114,1.010622779
281,0.997585488,1.025475114,1.010622779
282,0.997585488,1.025475114,1.010622779
283,0.997585488,1.025475114,1.010622779
284,0.997585488,1.025475114,1.010622779
285,0.997585488,1.025475114,1.010622779
286,0.997585488,1.025475114,1.010622779
287,0.997585488,1.025475114,1.010622779
288,0.997585488,1.025475114,1.010622779
289,0.997585488,1.025475114,1.010622779
290,0.997585488,1.025475114,1.010622779
291,0.997585488,1.025475114,1.010622779
292,0.997585488,1.025475114,1.010622779
293,0.997585488,1.025475114,1.010622779
294,0.997585488,1.025475114,1.010622779
295,0.997585488,1.025475114,1.010622779
296,0.997585488,1.025475114,1.010622779
297,0.997585488,1.025475114,1.010622779
298,0.997585488,1.025475114,1.010622779
299,0.997585488,1.025475114,1.010622779
300,0.997585488,1.025475114,1.010622779
301,0.997585488,1.025475114,1.010622779
302,0.997585488,1.025475114,1.010622779
303,0.997585488,1.025475114,1.010622779
304,0.997585488,1.025475114,1.010622779
305,0.997585488,1.025475114,1.010622779
306,0.997585488,1.025475114,1.010622779
307,0.997585488,1.025475114,1.010622779
308,0.997585488,1.025475114,1.010622779
309,0.997585488,1.025475114,1.010622779
310,0.997585488,1.025475114,1.010622779
311,0.997585488,1.025475114,1.010622779
312,0.997585488,1.025475114,1.010622779
313,0.997585488,1.025475114,1.010622779
314,0.997585488,1.025475114,1.010622779
315,0.997585488,1.025475114,1.010622779
316,0.997585488,1.025475114,1.010622779
317,0.997585488,1.025475114,1.010622779
318,0.997585488,1.025475114,1.010622779
319,0.997585488,1.025475114,1.010622779
320,0.997585488,1.025475114,1.010622779
321,0.997585488,1.025475114,1.010622779
322,0.997585488,1.025475114,1.010622779
323,0.997585488,1.025475114,1.010622779
324,0.997585488,1.025475114,1.010622779
325,0.997585488,1.025475114,1.010622779
326,0.997585488,1.025475114,1.010622779
327,0.997585488,1.025475114,1.010622779
328,0.997585488,1.025475114,1.010622779
329,0.997585488,1.025475114,1.010622779
330,0.997585488,1.025475114,1.010622779
331,0.997585488,1.025475114,1.010622779
332,0.997585488,1.025475114,1.010622779
333,0.997585488,1.025475114,1.010622779
334,0.997585488,1.025475114,1.010622779
335,0.997585488,1.025475114,1.010622779
336,0.997585488,1.025475114,1.010622779
337,0.997585488,1.025475114,1.010622779
338,0.997585488,1.025475114,1.010622779
339,0.997585488,1.025475114,1.010622779
340,0.997585488,1.025475114,1.010622779
341,0.997585488,1.025475114,1.010622779
342,0.997585488,1.025475114,1.010622779
343,0.997585488,1.025475114,1.010622779
344,0.997585488,1.025475114,1.010622779
345,0.997585488,1.025475114,1.010622779
346,0.997585488,1.025475114,1.010622779
347,0.997585488,1.025475114,1.010622779
348,0.997585488,1.025475114,1.010622779
349,0.997585488,1.025475114,1.010622779
350,0.997585488,1.025475114,1.010622779
351,0.997585488,1.025475114,1.010622779
352,0.997585488,1.025475114,1.010622779
353,0.997585488,1.025475114,1.010622779
354,0.997585488,1.025475114,1.010622779
355,0.997585488,1.025475114,1.010622779
356,0.997585488,1.025475114,1.010622779
357,0.997585488,1.025475114,1.010622779
358,0.997585488,1.025475114,1.010622779
359,0.997585488,1.025475114,1.010622779
360,0.997585488,1.025475114,1.010622779
361,0.997585488,1.025475114,1.010622779
362,0.997585488,1.025475114,1.010622779
363,0.997585488,1.025475114,1.010622779
364,0.997585488,1.025475114,1.010622779
365,0.997585488,1.025475114,1.010622779
366,0.997585488,1.025475114,1.010622779
367,0.997585488,1.025475114,1.010622779
368,0.997585488,1.025475114,1.010622779
369,0.997585488,1.025475114,1.010622779
370,0.997585488,1.025475114,1.010622779
371,0.997585488,1.025475114,1.010622779
372,0.997585488,1.025475114,1.010622779
373,0.99372085,1.022418766,1.007577256
374,0.996059118,1.024273504,1.009424777
375,0.997581879,1.025475114,1.01061917
376,0.997585488,1.025475114,1.010622779
377,0.997585488,1.025475114,1.010622779
378,0.997585488,1.025475114,1.010622779
379,0.997585488,1.025475114,1.010622779
380,0.997585488,1.025475114,1.010622779
381,0.997585488,1.025475114,1.010622779
382,0.997585488,1.025475114,1.010622779
383,0.997585488,1.025475114,1.010622779
384,0.997585488,1.025475114,1.010622779
385,0.997585488,1.025475114,1.010622779
386,0.997585488,1.025475114,1.010622779
387,0.992190871,1.021246024,1.006368429
388,0.993493518,1.022245561,1.007404051
389,0.996059118,1.024273504,1.009424777
390,1.000414504,1.027236033,1.012574944
391,1.00042533,1.027239641,1.012578553
392,1.00042533,1.027239641,1.012578553
393,1.00042533,1.027239641,1.012578553
394,1.00042533,1.027239641,1.012578553
395,1.00042533,1.027239641,1.012578553
396,1.00042533,1.027239641,1.012578553
397,1.00042533,1.027239641,1.012578553
398,1.00042533,1.027239641,1.012578553
399,1.00042533,1.027239641,1.012578553
400,1.00042533,1.027239641,1.012578553
401,1.00042533,1.027239641,1.012578553
402,0.995077623,1.023043026,1.008363896
403,0.996365835,1.024031739,1.009385084
404,0.998913394,1.026045248,1.011391376
405,1.000421721,1.027239641,1.012578553
406,1.00042533,1.027239641,1.012578553
407,1.00042533,1.027239641,1.012578553
408,1.00042533,1.027239641,1.012578553
409,1.00042533,1.027239641,1.012578553
410,1.00042533,1.027239641,1.012578553
411,1.00042533,1.027239641,1.012578553
412,1.00042533,1.027239641,1.012578553
413,1.00042533,1.027239641,1.012578553
414,1.00042533,1.027239641,1.012578553
415,1.00042533,1.027239641,1.012578553
416,1.00042533,1.027239641,1.012578553
417,0.995077623,1.023043026,1.008363896
418,0.996365835,1.024031739,1.009385084
419,0.998913394,1.026045248,1.011391376
420,1.000421721,1.027239641,1.012578553
421,1.00042533,1.027239641,1.012578553
422,1.00042533,1.027239641,1.012578553
423,1.00042533,1.027239641,1.012578553
424,1.00042533,1.027239641,1.012578553
425,1.00042533,1.027239641,1.012578553
426,1.00042533,1.027239641,1.012578553
427,0.999526828,1.026528779,1.011871299
428,0.995979733,1.023717804,1.009074758
429,1.000418113,1.027236033,1.012574944
430,1.00042533,1.027239641,1.012578553
431,1.00042533,1.027239641,1.012578553
432,0.995077623,1.023043026,1.008363896
433,0.996365835,1.024031739,1.009385084
434,0.998913394,1.026045248,1.011391376
435,1.000421721,1.027239641,1.012578553
436,1.00042533,1.027239641,1.012578553
437,1.00042533,1.027239641,1.012578553
438,1.00042533,1.027239641,1.012578553
439,1.00042533,1.027239641,1.012578553
440,1.00042533,1.027239641,1.012578553
441,0.998047368,1.025374078,1.010702164
442,0.996391095,1.024067823,1.009399518
443,0.995968907,1.023710588,1.00907115
444,1.000418113,1.027236033,1.012574944
445,1.00042533,1.027239641,1.012578553
446,1.00042533,1.027239641,1.012578553
447,0.995077623,1.023043026,1.008363896
448,0.996365835,1.024031739,1.009385084
449,0.993208451,1.02250176,1.007454569
450,0.994727604,1.023703371,1.008652571
451,0.994731213,1.023706979,1.008656179
452,0.994731213,1.023706979,1.008656179
453,0.994731213,1.023706979,1.008656179
454,0.994731213,1.023706979,1.008656179
455,0.994731213,1.023706979,1.008656179
456,0.99230995,1.02180894,1.006747315
457,0.990624809,1.020484643,1.005423018
458,0.990202621,1.020127408,1.005091041
459,0.994720387,1.023699762,1.008652571
460,0.994731213,1.023706979,1.008656179
461,0.994731213,1.023706979,1.008656179
462,0.989289686,1.019441804,1.004365745
463,0.990606767,1.020452167,1.005412193
464,0.993194017,1.022494544,1.007450961
465,0.994727604,1.023703371,1.008656179
466,0.994731213,1.023706979,1.008656179
467,0.994731213,1.023706979,1.008656179
468,0.994731213,1.023706979,1.008656179
469,0.994731213,1.023706979,1.008656179
470,0.994731213,1.023706979,1.008656179
471,0.99230995,1.02180894,1.006747315
472,0.990624809,1.020484643,1.005423018
473,0.990202621,1.020127408,1.005091041
474,0.994720387,1.023699762,1.008652571
475,0.994731213,1.023706979,1.008656179
476,0.994731213,1.023706979,1.008656179
477,0.989289686,1.019441804,1.004365745
478,0.994518315,1.023540991,1.008490191
479,0.994727604,1.023703371,1.008656179
480,0.994731213,1.023706979,1.008656179
481,0.994731213,1.023706979,1.008656179
482,0.992692444,1.022094007,1.007050424
483,0.994727604,1.023703371,1.008656179
484,0.994731213,1.023706979,1.008656179
485,0.994731213,1.023706979,1.008656179
486,0.99230995,1.02180894,1.006747315
487,0.990624809,1.020484643,1.005423018
488,0.990202621,1.020127408,1.005091041
489,0.994720387,1.023699762,1.008652571
490,0.992627493,1.022057922,1.006996297
491,0.994723996,1.023703371,1.008652571
492,0.994731213,1.023706979,1.008656179
493,0.994731213,1.023706979,1.008656179
494,0.994731213,1.023706979,1.008656179
495,0.994731213,1.023706979,1.008656179
496,0.994731213,1.023706979,1.008656179
497,0.992692444,1.022094007,1.007050424
498,0.994727604,1.023703371,1.008656179
499,0.994731213,1.023706979,1.008656179
500,0.994731213,1.023706979,1.008656179
501,0.99230995,1.02180894,1.006747315
502,0.990624809,1.020484643,1.005423018
503,0.990202621,1.020127408,1.005091041
504,0.994720387,1.023699762,1.008652571
505,0.992627493,1.022057922,1.006996297
506,0.994723996,1.023703371,1.008652571
507,0.994731213,1.023706979,1.008656179
508,0.994731213,1.023706979,1.008656179
509,0.994731213,1.023706979,1.008656179
510,0.981726398,1.01568181,0.999696425
511,0.981719181,1.015678202,0.999696425
512,0.979608244,1.014014712,0.998029326
513,0.981711964,1.015674594,0.999692816
514,0.981719181,1.015678202,0.999696425
515,0.981719181,1.015678202,0.999696425
516,0.979204099,1.013715211,0.997711783
517,0.977454006,1.012344004,0.99633336
518,0.977024601,1.011979552,0.995997775
519,0.981719181,1.015678202,0.999696425
520,0.977381837,1.012282661,0.996279233
521,0.981719181,1.015678202,0.999696425
522,0.981719181,1.015678202,0.999696425
523,0.981719181,1.015678202,0.999696425
524,0.981719181,1.015678202,0.999696425
525,0.981719181,1.015678202,0.999696425
526,0.981719181,1.015678202,0.999696425
527,0.979608244,1.014014712,0.998029326
528,0.981170698,1.015252406,0.999263412
529,0.980080949,1.014400815,0.998404604
530,0.981711964,1.015674594,0.999692816
531,0.979204099,1.013715211,0.997711783
532,0.978417459,1.013105385,0.99709474
533,0.981708356,1.015674594,0.999689208
534,0.981719181,1.015678202,0.999696425
535,0.977381837,1.012282661,0.996279233
536,0.981719181,1.015678202,0.999696425
537,0.981719181,1.015678202,0.999696425
538,0.981719181,1.015678202,0.999696425
539,0.981719181,1.015678202,0.999696425
540,0.981719181,1.015678202,0.999696425
541,0.981719181,1.015678202,0.999696425
542,0.979608244,1.014014712,0.998029326
543,0.981170698,1.015252406,0.999263412
544,0.980080949,1.014400815,0.998404604
545,0.981711964,1.015674594,0.999692816
546,0.981719181,1.015678202,0.999696425
547,0.981719181,1.015678202,0.999696425
548,0.981719181,1.015678202,0.999696425
549,0.981719181,1.015678202,0.999696425
550,0.977378229,1.012279052,0.996279233
551,0.981719181,1.015678202,0.999696425
552,0.981719181,1.015678202,0.999696425
553,0.981719181,1.015678202,0.999696425
554,0.981719181,1.015678202,0.999696425
555,0.981719181,1.015678202,0.999696425
556,0.981719181,1.015678202,0.999696425
557,0.979608244,1.014014712,0.998029326
558,0.981062445,1.015169412,0.999180418
559,0.977948362,1.012719282,0.996723071
560,0.981715572,1.015678202,0.999692816
561,0.981719181,1.015678202,0.999696425
562,0.981719181,1.015678202,0.999696425
563,0.981719181,1.015678202,0.999696425
564,0.981719181,1.015678202,0.999696425
565,0.977378229,1.012279052,0.996279233
566,0.981719181,1.015678202,0.999696425
567,0.979536075,1.013975019,0.997971591
568,0.981711964,1.015674594,0.999692816
569,0.977320493,1.012979089,0.996665336
570,0.977320493,1.012979089,0.996665336
571,0.977320493,1.012979089,0.996665336
572,0.975184297,1.011297557,0.994980195
573,0.976656541,1.012463083,0.996145721
574,0.973502765,1.013224463,0.998812357
575,0.977349361,1.016212251,1.00185788
576,0.977352969,1.016212251,1.00185788
577,0.977352969,1.016212251,1.00185788
578,0.977352969,1.016212251,1.00185788
579,0.977352969,1.016212251,1.00185788
580,0.972954282,1.012791451,0.998368519
581,0.977349361,1.016212251,1.00185788
582,0.975137388,1.014494634,1.000096962
583,0.977342144,1.016208643,1.001854271
584,0.977352969,1.016212251,1.00185788
585,0.977352969,1.016208643,1.00185788
586,0.977349361,1.016208643,1.00185788
587,0.977352969,1.016208643,1.00185788
588,0.976696234,1.015699853,1.001334656
589,0.973535241,1.013235289,0.998823183
590,0.977349361,1.016212251,1.00185788
591,0.977352969,1.016212251,1.00185788
592,0.977352969,1.016212251,1.00185788
593,0.977352969,1.016212251,1.00185788
594,0.977352969,1.016212251,1.00185788
595,0.975213165,1.014537935,1.000158305
596,0.977345753,1.016208643,1.001854271
597,0.972957891,1.012791451,0.998372128
598,0.977349361,1.016212251,1.00185788
599,0.977352969,1.016212251,1.00185788
600,0.977352969,1.016208643,1.00185788
601,0.977349361,1.016208643,1.00185788
602,0.977352969,1.016208643,1.00185788
603,0.976696234,1.015699853,1.001334656
604,0.973535241,1.013235289,0.998823183
605,0.975566792,1.014833827,1.00044698
606,0.976905523,1.015869449,1.001507861
607,0.977338536,1.016205034,1.001854271
608,0.977352969,1.016212251,1.00185788
609,0.977352969,1.016212251,1.00185788
610,0.975213165,1.014537935,1.000158305
611,0.977345753,1.016208643,1.001854271
612,0.972957891,1.012791451,0.998372128
613,0.977349361,1.016212251,1.00185788
614,0.977352969,1.016212251,1.00185788
615,0.977352969,1.016212251,1.00185788
616,0.977352969,1.016212251,1.00185788
617,0.977352969,1.016212251,1.00185788
618,0.976696234,1.015699853,1.001334656
619,0.973535241,1.013235289,0.998823183
620,0.975566792,1.014833827,1.00044698
621,0.976905523,1.015869449,1.001507861
622,0.977338536,1.016205034,1.001854271
623,0.977352969,1.016212251,1.00185788
624,0.977349361,1.016208643,1.00185788
625,0.977349361,1.016208643,1.00185788
626,0.977352969,1.016212251,1.00185788
627,0.972954282,1.012791451,0.998368519
628,0.977349361,1.016212251,1.00185788
629,0.977352969,1.016212251,1.00185788
630,0.9744157,1.01441164,0.999808286
631,0.974401266,1.014408031,0.99980107
632,0.974401266,1.014408031,0.99980107
633,0.974296621,1.014325037,0.999718075
634,0.972247028,1.01272289,0.998090669
635,0.971741847,1.012344004,0.997693741
636,0.972651173,1.01304765,0.998419037
637,0.974394049,1.014404423,0.99980107
638,0.974401266,1.014404423,0.99980107
639,0.974401266,1.014404423,0.99980107
640,0.974401266,1.014404423,0.99980107
641,0.974401266,1.014408031,0.99980107
642,0.969706687,1.010951147,0.996116853
643,0.974397658,1.014404423,0.99980107
644,0.972055781,1.012589378,0.997939115
645,0.974390441,1.014400815,0.999797461
646,0.974401266,1.014408031,0.99980107
647,0.974401266,1.014408031,0.99980107
648,0.974296621,1.014325037,0.999718075
649,0.972247028,1.01272289,0.998090669
650,0.971741847,1.012344004,0.997693741
651,0.972651173,1.01304765,0.998419037
652,0.974397658,1.014404423,0.99980107
653,0.974404875,1.014408031,0.999804678
654,0.974401266,1.014408031,0.99980107
655,0.974401266,1.014408031,0.99980107
656,0.974401266,1.014408031,0.99980107
657,0.969706687,1.010951147,0.996116853
658,0.974397658,1.014404423,0.99980107
659,0.972055781,1.012589378,0.997939115
660,0.974390441,1.014400815,0.999797461
661,0.974401266,1.014408031,0.99980107
662,0.974401266,1.014404423,0.99980107
663,0.974401266,1.014404423,0.99980107
664,0.974401266,1.014404423,0.99980107
665,0.971749063,1.012347613,0.997693741
666,0.972651173,1.01304765,0.998419037
667,0.974397658,1.014404423,0.99980107
668,0.974404875,1.014408031,0.999804678
669,0.974401266,1.014408031,0.99980107
670,0.974401266,1.014408031,0.99980107
671,0.974401266,1.014408031,0.99980107
672,0.972247028,1.012719282,0.998090669
673,0.974394049,1.014404423,0.99980107
674,0.969594825,1.010864544,0.996030251
675,0.974397658,1.014404423,0.99980107
676,0.974401266,1.014408031,0.99980107
677,0.974401266,1.014404423,0.99980107
678,0.974401266,1.014404423,0.99980107
679,0.974401266,1.014404423,0.99980107
680,0.971749063,1.012347613,0.997693741
681,0.972651173,1.01304765,0.998419037
682,0.972160425,1.012672372,0.998025718
683,0.974394049,1.014404423,0.99980107
684,0.974401266,1.014408031,0.99980107
685,0.974401266,1.014408031,0.99980107
686,0.974401266,1.014408031,0.99980107
687,0.972247028,1.012719282,0.998090669
688,0.974394049,1.014404423,0.99980107
689,0.963752762,1.01043514,0.996961228
690,0.968187534,1.014000278,1.000598535
691,0.968201968,1.014007495,1.000602143
692,0.968201968,1.014003886,1.000602143
693,0.968201968,1.014003886,1.000602143
694,0.968201968,1.014003886,1.000602143
695,0.965593066,1.011925425,0.998469556
696,0.966469917,1.012632679,0.99919846
697,0.966004428,1.012257402,0.99880514
698,0.968194751,1.014003886,1.000602143
699,0.968201968,1.014003886,1.000602143
700,0.968201968,1.014003886,1.000602143
701,0.968201968,1.014003886,1.000602143
702,0.968201968,1.014003886,1.000602143
703,0.968201968,1.014003886,1.000602143
704,0.963774413,1.010445965,0.996972053
705,0.968187534,1.014000278,1.000598535
706,0.968201968,1.014007495,1.000602143
707,0.968201968,1.014003886,1.000602143
708,0.968201968,1.014003886,1.000602143
709,0.968201968,1.014003886,1.000602143
710,0.967346768,1.013329108,0.999909323
711,0.96692458,1.012989915,0.999566521
712,0.964304853,1.010882586,0.997408674
713,0.967761738,1.013661084,1.000252124
714,0.968191142,1.014000278,1.000598535
715,0.968201968,1.014003886,1.000602143
716,0.968201968,1.014003886,1.000602143
717,0.968201968,1.014003886,1.000602143
718,0.968201968,1.014003886,1.000602143
719,0.963774413,1.010445965,0.996972053
720,0.968187534,1.014000278,1.000598535
721,0.966008037,1.012257402,0.998808749
722,0.968194751,1.014000278,1.000598535
723,0.968201968,1.014003886,1.000602143
724,0.968201968,1.014003886,1.000602143
725,0.967346768,1.013329108,0.999909323
726,0.96692458,1.012989915,0.999566521
727,0.964304853,1.010882586,0.997408674
728,0.967761738,1.013661084,1.000252124
729,0.968191142,1.014003886,1.000598535
730,0.968201968,1.014007495,1.000602143
731,0.968201968,1.014003886,1.000602143
732,0.968201968,1.014003886,1.000602143
733,0.968201968,1.014003886,1.000602143
734,0.963774413,1.010445965,0.996972053
735,0.968187534,1.014000278,1.000598535
736,0.966008037,1.012257402,0.998808749
737,0.968194751,1.014000278,1.000598535
738,0.968201968,1.014003886,1.000602143
739,0.968201968,1.014003886,1.000602143
740,0.968201968,1.014003886,1.000602143
741,0.968201968,1.014003886,1.000602143
742,0.964304853,1.010882586,0.997408674
743,0.967761738,1.013661084,1.000252124
744,0.968191142,1.014003886,1.000598535
745,0.968201968,1.014007495,1.000602143
746,0.968201968,1.014003886,1.000602143
747,0.968201968,1.014003886,1.000602143
748,0.968201968,1.014003886,1.000602143
749,0.966058555,1.012304311,0.998862875
750,0.969991754,1.014924038,1.001836229
751,0.965199746,1.011362509,0.998011284
752,0.969988145,1.01492043,1.001836229
753,0.969991754,1.014924038,1.001836229
754,0.969991754,1.014924038,1.001836229
755,0.969991754,1.01492043,1.001836229
756,0.969991754,1.014924038,1.001836229
757,0.965730187,1.011791913,0.998447905
758,0.969555132,1.014584845,1.001489819
759,0.967455021,1.013170337,0.999847979
760,0.969991754,1.014924038,1.001836229
761,0.969991754,1.014924038,1.001836229
762,0.969991754,1.014924038,1.001836229
763,0.969991754,1.014924038,1.001836229
764,0.967812256,1.013228072,1.000093353
765,0.969984537,1.01492043,1.001836229
766,0.965199746,1.011362509,0.998011284
767,0.969988145,1.014924038,1.001836229
768,0.969995362,1.014924038,1.001839838
769,0.969991754,1.014924038,1.001836229
770,0.969991754,1.014924038,1.001836229
771,0.969991754,1.014924038,1.001836229
772,0.965730187,1.011791913,0.998447905
773,0.969555132,1.014584845,1.001489819
774,0.967455021,1.013170337,0.999847979
775,0.969991754,1.014924038,1.001836229
776,0.969991754,1.014924038,1.001836229
777,0.969991754,1.014924038,1.001836229
778,0.969991754,1.01492043,1.001836229
779,0.969991754,1.014924038,1.001836229
780,0.969991754,1.014924038,1.001836229
781,0.965196138,1.011362509,0.998007675
782,0.969988145,1.014924038,1.001836229
783,0.969995362,1.014924038,1.001839838
784,0.969991754,1.014924038,1.001836229
785,0.969991754,1.014924038,1.001836229
786,0.969991754,1.014924038,1.001836229
787,0.968248877,1.013567265,1.000443372
788,0.969551524,1.014584845,1.001489819
789,0.965304391,1.011449111,0.998097886
790,0.969988145,1.01492043,1.001836229
791,0.969991754,1.014924038,1.001836229
792,0.969991754,1.014924038,1.001836229
793,0.969991754,1.01492043,1.001836229
794,0.969991754,1.014924038,1.001836229
795,0.969991754,1.014924038,1.001836229
796,0.965196138,1.011362509,0.998007675
797,0.969425229,1.014487417,1.001385174
798,0.968014329,1.013610566,1.000302643
799,0.969991754,1.01492043,1.001836229
800,0.969991754,1.014924038,1.001836229
801,0.969991754,1.014924038,1.001836229
802,0.968248877,1.013567265,1.000443372
803,0.969551524,1.014584845,1.001489819
804,0.965304391,1.011449111,0.998097886
805,0.969988145,1.014924038,1.001836229
806,0.969995362,1.014924038,1.001839838
807,0.969995362,1.014924038,1.001839838
808,0.969991754,1.014924038,1.001836229
809,0.968508685,1.01401832,1.000789782
810,0.968501468,1.014014712,1.000786173
811,0.963763587,1.010442357,0.996968445
812,0.967639051,1.013563657,1.000151088
813,0.966549303,1.012697631,0.999256195
814,0.968194751,1.014003886,1.000602143
815,0.968201968,1.014003886,1.000602143
816,0.968201968,1.014003886,1.000602143
817,0.968201968,1.014003886,1.000602143
818,0.968201968,1.014003886,1.000602143
819,0.963882666,1.010536176,0.997062264
820,0.968187534,1.014000278,1.000598535
821,0.968201968,1.014007495,1.000602143
822,0.968201968,1.014007495,1.000602143
823,0.968201968,1.014003886,1.000602143
824,0.968201968,1.014003886,1.000602143
825,0.968201968,1.014003886,1.000602143
826,0.965950302,1.012217709,0.998776273
827,0.967646268,1.013567265,1.000154697
828,0.964423932,1.010980014,0.997513319
829,0.968191142,1.014000278,1.000598535
830,0.968201968,1.014003886,1.000602143
831,0.968201968,1.014003886,1.000602143
832,0.968201968,1.014003886,1.000602143
833,0.968201968,1.014003886,1.000602143
834,0.963882666,1.010536176,0.997062264
835,0.968187534,1.014000278,1.000598535
836,0.965899783,1.012170799,0.998718538
837,0.968194751,1.014003886,1.000598535
838,0.968201968,1.014003886,1.000602143
839,0.968201968,1.014003886,1.000602143
840,0.968201968,1.014003886,1.000602143
841,0.965950302,1.012217709,0.998776273
842,0.967646268,1.013567265,1.000154697
843,0.964423932,1.010980014,0.997513319
844,0.968191142,1.014000278,1.000598535
845,0.968201968,1.014007495,1.000602143
846,0.968201968,1.014003886,1.000602143
847,0.968201968,1.014003886,1.000602143
848,0.968201968,1.014003886,1.000602143
849,0.963882666,1.010536176,0.997062264
850,0.968187534,1.014000278,1.000598535
851,0.965899783,1.012170799,0.998718538
852,0.968194751,1.014003886,1.000598535
853,0.968201968,1.014003886,1.000602143
854,0.968201968,1.014003886,1.000602143
855,0.968201968,1.014003886,1.000602143
856,0.968201968,1.014003886,1.000602143
857,0.96766431,1.01357809,1.000161914
858,0.964423932,1.010980014,0.997513319
859,0.968191142,1.014000278,1.000598535
860,0.968201968,1.014007495,1.000602143
861,0.968201968,1.014003886,1.000602143
862,0.968201968,1.014003886,1.000602143
863,0.968201968,1.014003886,1.000602143
864,0.966058555,1.012304311,0.998862875
865,0.968194751,1.014003886,1.000602143
866,0.963774413,1.010445965,0.996972053
867,0.968187534,1.014000278,1.000598535
868,0.968201968,1.014003886,1.000602143
869,0.968201968,1.014003886,1.000602143
870,0.965311608,1.01219245,0.998527291
871,0.965304391,1.012188841,0.998523682
872,0.964777559,1.011759437,0.998083453
873,0.961573265,1.009143319,0.995434858
874,0.964008961,1.011135177,0.997448367
875,0.964434757,1.011485196,0.997805603
876,0.965304391,1.012188841,0.998523682
877,0.965307999,1.012188841,0.998523682
878,0.965307999,1.012188841,0.998523682
879,0.963193454,1.010478441,0.996788023
880,0.965304391,1.012188841,0.998523682
881,0.960923746,1.00860927,0.994893592
882,0.965297174,1.012185233,0.998520074
883,0.965307999,1.01219245,0.998523682
884,0.965307999,1.012188841,0.998523682
885,0.965307999,1.012188841,0.998523682
886,0.965307999,1.012188841,0.998523682
887,0.964777559,1.011759437,0.998083453
888,0.961573265,1.009143319,0.995434858
889,0.964008961,1.011135177,0.997448367
890,0.964434757,1.011485196,0.997805603
891,0.965304391,1.012188841,0.998523682
892,0.965307999,1.012188841,0.998523682
893,0.965304391,1.012188841,0.998523682
894,0.965304391,1.012188841,0.998523682
895,0.965307999,1.012188841,0.998523682
896,0.960923746,1.00860927,0.994889984
897,0.965297174,1.012185233,0.998520074
898,0.965307999,1.01219245,0.998523682
899,0.965307999,1.012188841,0.998523682
900,0.965307999,1.012188841,0.998523682
901,0.965307999,1.012188841,0.998523682
902,0.965307999,1.012188841,0.998523682
903,0.963193454,1.010478441,0.996788023
904,0.963482129,1.010705773,0.997015355
905,0.962868695,1.0102042,0.996510173
906,0.965300783,1.012185233,0.998520074
907,0.965307999,1.012188841,0.998523682
908,0.965304391,1.012188841,0.998523682
909,0.965304391,1.012188841,0.998523682
910,0.965307999,1.012188841,0.998523682
911,0.960923746,1.00860927,0.994889984
912,0.965297174,1.012185233,0.998520074
913,0.96315737,1.010431531,0.996737505
914,0.965300783,1.012188841,0.998520074
915,0.965307999,1.012188841,0.998523682
916,0.965307999,1.012188841,0.998523682
917,0.965307999,1.012188841,0.998523682
918,0.963193454,1.010478441,0.996788023
919,0.963482129,1.010705773,0.997015355
920,0.962868695,1.0102042,0.996510173
921,0.965300783,1.012188841,0.998523682
922,0.965307999,1.01219245,0.998523682
923,0.965307999,1.012188841,0.998523682
924,0.965307999,1.012188841,0.998523682
925,0.965307999,1.012188841,0.998523682
926,0.960923746,1.00860927,0.994889984
927,0.965297174,1.012185233,0.998520074
928,0.96315737,1.010431531,0.996737505
929,0.966733333,1.01309456,0.999555696
930,0.966744158,1.013098168,0.999559304
931,0.966744158,1.013098168,0.999559304
932,0.966744158,1.013098168,0.999559304
933,0.966747767,1.013098168,0.999559304
934,0.96491468,1.011622316,0.998054585
935,0.96429042,1.011117135,0.997545795
936,0.96674055,1.01309456,0.999559304
937,0.966747767,1.013098168,0.999562913
938,0.966744158,1.013098168,0.999559304
939,0.966744158,1.013098168,0.999559304
940,0.966744158,1.013098168,0.999559304
941,0.964618788,1.011391376,0.997823645
942,0.96674055,1.01309456,0.999559304
943,0.964575486,1.011344467,0.997769518
944,0.964506926,1.011297557,0.997733434
945,0.963233147,1.010265543,0.996686987
946,0.966733333,1.013090951,0.999555696
947,0.966744158,1.013098168,0.999559304
948,0.966747767,1.013098168,0.999559304
949,0.96491468,1.011622316,0.998054585
950,0.96429042,1.011117135,0.997545795
951,0.96674055,1.01309456,0.999559304
952,0.966747767,1.013098168,0.999562913
953,0.966744158,1.013098168,0.999559304
954,0.966744158,1.013098168,0.999559304
955,0.966744158,1.013098168,0.999559304
956,0.964618788,1.011391376,0.997823645
957,0.96674055,1.01309456,0.999559304
958,0.961082517,1.008472149,0.994857508
959,0.962226392,1.009431994,0.995835395
960,0.96322593,1.010265543,0.996683378
961,0.966736941,1.01309456,0.999555696
962,0.966744158,1.013098168,0.999559304
963,0.966747767,1.013098168,0.999562913
964,0.96491468,1.011622316,0.998054585
965,0.96429042,1.011117135,0.997545795
966,0.96674055,1.01309456,0.999559304
967,0.966747767,1.013098168,0.999562913
968,0.966744158,1.013098168,0.999559304
969,0.966744158,1.013098168,0.999559304
970,0.966744158,1.013098168,0.999559304
971,0.966747767,1.013098168,0.999559304
972,0.966747767,1.013098168,0.999562913
973,0.961082517,1.008472149,0.994857508
974,0.962226392,1.009431994,0.995835395
975,0.96322593,1.010265543,0.996683378
976,0.966736941,1.01309456,0.999555696
977,0.966744158,1.013098168,0.999559304
978,0.966747767,1.013098168,0.999562913
979,0.966220935,1.012679589,0.999133508
980,0.965149228,1.011820781,0.998260266
981,0.96674055,1.013098168,0.999559304
982,0.966747767,1.013098168,0.999562913
983,0.966744158,1.013098168,0.999559304
984,0.966744158,1.013098168,0.999559304
985,0.966744158,1.013098168,0.999559304
986,0.966744158,1.013098168,0.999559304
987,0.966744158,1.013098168,0.999559304
988,0.961082517,1.008472149,0.994857508
989,0.962226392,1.009431994,0.995835395
990,0.966091031,1.012091413,0.998761839
991,0.969988145,1.01492043,1.001836229
992,0.969991754,1.014924038,1.001836229
993,0.969995362,1.014924038,1.001839838
994,0.969464921,1.014505459,1.001410433
995,0.968357131,1.013653868,1.000529974
996,0.969988145,1.01492043,1.001836229
997,0.969995362,1.014924038,1.001839838
998,0.969995362,1.014924038,1.001839838
999,0.964813643,1.0110594,0.997711783
1000,0.969114903,1.014245652,1.001139801
1001,0.969988145,1.01492043,1.001836229
1002,0.969991754,1.014924038,1.001836229
1003,0.963940401,1.010316061,0.996939577
1004,0.965080668,1.011268689,0.997913856
1005,0.966101856,1.012095022,0.998765448
1006,0.969988145,1.01492043,1.001836229
1007,0.969991754,1.014924038,1.001836229
1008,0.969995362,1.014924038,1.001839838
1009,0.969995362,1.014924038,1.001839838
1010,0.969995362,1.014924038,1.001839838
1011,0.969995362,1.014924038,1.001839838
1012,0.969995362,1.014924038,1.001839838
1013,0.963832148,1.01022585,0.996849366
1014,0.964806426,1.011055791,0.997708175
1015,0.969114903,1.014245652,1.001139801
1016,0.969988145,1.01492043,1.001836229
1017,0.969991754,1.014924038,1.001836229
1018,0.966130724,1.012109456,0.998761839
1019,0.965087885,1.011272298,0.997917464
1020,0.966101856,1.012095022,0.998765448
1021,0.969988145,1.01492043,1.001836229
1022,0.969991754,1.014924038,1.001836229
1023,0.969995362,1.014924038,1.001839838
1024,0.969995362,1.014924038,1.001839838
1025,0.969995362,1.014924038,1.001839838
1026,0.969995362,1.014924038,1.001839838
1027,0.969995362,1.014924038,1.001839838
1028,0.963832148,1.01022585,0.996849366
1029,0.964806426,1.011055791,0.997708175
1030,0.969114903,1.014245652,1.001139801
1031,0.969988145,1.01492043,1.001836229
1032,0.969991754,1.014924038,1.001836229
1033,0.966130724,1.012109456,0.998761839
1034,0.965087885,1.011272298,0.997917464
1035,0.966098248,1.012095022,0.998765448
1036,0.969988145,1.01492043,1.001836229
1037,0.969991754,1.014924038,1.001836229
1038,0.969995362,1.014924038,1.001839838
1039,0.969995362,1.014924038,1.001839838
1040,0.969995362,1.014924038,1.001839838
1041,0.969995362,1.014924038,1.001839838
1042,0.969995362,1.014924038,1.001839838
1043,0.963832148,1.01022585,0.996849366
1044,0.964806426,1.011055791,0.997708175
1045,0.969114903,1.014245652,1.001139801
1046,0.967808648,1.013224463,1.000089745
1047,0.969984537,1.01492043,1.001832621
1048,0.966130724,1.012109456,0.998761839
1049,0.970587146,1.014909604,1.002038302
1050,0.972950674,1.016728258,1.003925516
1051,0.972961499,1.016735475,1.003932732
1052,0.972965107,1.016735475,1.003932732
1053,0.972965107,1.016735475,1.003932732
1054,0.970608797,1.01492043,1.002045519
1055,0.972954282,1.016731866,1.003929124
1056,0.972965107,1.016735475,1.003932732
1057,0.972965107,1.016735475,1.003932732
1058,0.966697249,1.012069763,0.998935044
1059,0.968017937,1.012899704,0.999988708
1060,0.972095474,1.016060697,1.003239912
1061,0.970792827,1.015050334,1.002197073
1062,0.972954282,1.016731866,1.003929124
1063,0.972965107,1.016735475,1.003932732
1064,0.972965107,1.016735475,1.003932732
1065,0.972965107,1.016735475,1.003932732
1066,0.972965107,1.016735475,1.003932732
1067,0.972965107,1.016735475,1.003932732
1068,0.972965107,1.016735475,1.003932732
1069,0.970608797,1.01492043,1.002045519
1070,0.972954282,1.016731866,1.003929124
1071,0.972965107,1.016735475,1.003932732
1072,0.972965107,1.016735475,1.003932732
1073,0.966697249,1.012066154,0.998931436
1074,0.968017937,1.012899704,0.9999851
1075,0.972091865,1.016060697,1.003239912
1076,0.970792827,1.015046725,1.002197073
1077,0.972954282,1.016731866,1.003929124
1078,0.972965107,1.016735475,1.003932732
1079,0.972965107,1.016735475,1.003932732
1080,0.972965107,1.016735475,1.003932732
1081,0.972965107,1.016735475,1.003932732
1082,0.972965107,1.016735475,1.003932732
1083,0.972965107,1.016735475,1.003932732
1084,0.968393215,1.013202813,1.000277384
1085,0.972961499,1.016735475,1.003932732
1086,0.972965107,1.016735475,1.003932732
1087,0.972965107,1.016735475,1.003932732
1088,0.966697249,1.012066154,0.998931436
1089,0.968017937,1.012899704,0.9999851
1090,0.972091865,1.016060697,1.003239912
1091,0.970792827,1.015050334,1.002197073
1092,0.972062998,1.016042654,1.003214653
1093,0.971629985,1.015703461,1.002861026
1094,0.972957891,1.016731866,1.003929124
1095,0.972965107,1.016735475,1.003932732
1096,0.972965107,1.016735475,1.003932732
1097,0.972965107,1.016735475,1.003932732
1098,0.972965107,1.016735475,1.003932732
1099,0.968393215,1.013202813,1.000277384
1100,0.972961499,1.016735475,1.003932732
1101,0.972965107,1.016735475,1.003932732
1102,0.972965107,1.016735475,1.003932732
1103,0.966697249,1.012066154,0.998931436
1104,0.972957891,1.016731866,1.003929124
1105,0.972965107,1.016735475,1.003932732
1106,0.970800044,1.015050334,1.002200682
1107,0.972062998,1.016042654,1.003214653
1108,0.971629985,1.015703461,1.002861026
1109,0.972957891,1.016731866,1.003929124
1110,0.968505077,1.01401832,1.000789782
1111,0.968501468,1.014014712,1.000786173
1112,0.968501468,1.014014712,1.000786173
1113,0.968501468,1.014014712,1.000786173
1114,0.963763587,1.010438748,0.996964836
1115,0.968187534,1.014000278,1.000598535
1116,0.968201968,1.014007495,1.000602143
1117,0.968201968,1.014007495,1.000602143
1118,0.968201968,1.014003886,1.000602143
1119,0.968201968,1.014003886,1.000602143
1120,0.968201968,1.014003886,1.000602143
1121,0.966058555,1.012304311,0.998862875
1122,0.967209647,1.013220855,0.999797461
1123,0.964856945,1.011333641,0.997870555
1124,0.968191142,1.014000278,1.000598535
1125,0.968201968,1.014003886,1.000602143
1126,0.968201968,1.014003886,1.000602143
1127,0.968201968,1.014003886,1.000602143
1128,0.968201968,1.014003886,1.000602143
1129,0.963774413,1.010445965,0.996972053
1130,0.968187534,1.014000278,1.000598535
1131,0.966008037,1.012257402,0.998808749
1132,0.968194751,1.014003886,1.000598535
1133,0.968201968,1.014003886,1.000602143
1134,0.968201968,1.014003886,1.000602143
1135,0.968201968,1.014003886,1.000602143
1136,0.966058555,1.012304311,0.998862875
1137,0.967209647,1.013220855,0.999797461
1138,0.964856945,1.011333641,0.997870555
1139,0.968191142,1.014000278,1.000598535
1140,0.968201968,1.014007495,1.000602143
1141,0.968201968,1.014003886,1.000602143
1142,0.968201968,1.014003886,1.000602143
1143,0.968201968,1.014003886,1.000602143
1144,0.963774413,1.010445965,0.996972053
1145,0.968187534,1.014000278,1.000598535
1146,0.966008037,1.012257402,0.998808749
1147,0.968194751,1.014003886,1.000598535
1148,0.968201968,1.014003886,1.000602143
1149,0.968201968,1.014003886,1.000602143
1150,0.968201968,1.014003886,1.000602143
1151,0.968201968,1.014003886,1.000602143
1152,0.967216864,1.013224463,0.99980107
1153,0.964856945,1.011330033,0.997870555
1154,0.968191142,1.014000278,1.000598535
1155,0.968201968,1.014007495,1.000602143
1156,0.968201968,1.014003886,1.000602143
1157,0.968201968,1.014003886,1.000602143
1158,0.968201968,1.014003886,1.000602143
1159,0.966058555,1.012304311,0.998862875
1160,0.968194751,1.014003886,1.000602143
1161,0.963778021,1.010449574,0.996975662
1162,0.968187534,1.014000278,1.000598535
1163,0.968201968,1.014003886,1.000602143
1164,0.968201968,1.014003886,1.000602143
1165,0.968201968,1.014003886,1.000602143
1166,0.968201968,1.014003886,1.000602143
1167,0.967216864,1.013224463,0.99980107
1168,0.964856945,1.011330033,0.997870555
1169,0.963586774,1.010785158,0.99709474
1170,0.965196138,1.012102239,0.998433471
1171,0.965304391,1.012188841,0.998523682
1172,0.965307999,1.012188841,0.998523682
1173,0.965307999,1.012188841,0.998523682
1174,0.963193454,1.010478441,0.996788023
1175,0.965304391,1.012188841,0.998523682
1176,0.960923746,1.008612878,0.994893592
1177,0.965297174,1.012185233,0.998520074
1178,0.965307999,1.01219245,0.998523682
1179,0.965307999,1.012188841,0.998523682
1180,0.965307999,1.012188841,0.998523682
1181,0.965307999,1.012188841,0.998523682
1182,0.964337329,1.01140581,0.997722609
1183,0.962002669,1.009496946,0.995795702
1184,0.963579557,1.01078155,0.997091132
1185,0.965196138,1.012102239,0.998433471
1186,0.965304391,1.012188841,0.998523682
1187,0.965307999,1.012188841,0.998523682
1188,0.965307999,1.012188841,0.998523682
1189,0.965307999,1.012188841,0.998523682
1190,0.965307999,1.01219245,0.998523682
1191,0.960923746,1.008612878,0.994893592
1192,0.965297174,1.012185233,0.998520074
1193,0.965307999,1.01219245,0.998523682
1194,0.965307999,1.012188841,0.998523682
1195,0.965307999,1.012188841,0.998523682
1196,0.965307999,1.012188841,0.998523682
1197,0.965203355,1.012105847,0.99843708
1198,0.963298099,1.010565044,0.996874625
1199,0.963579557,1.010785158,0.997091132
1200,0.965196138,1.012102239,0.998433471
1201,0.965304391,1.012188841,0.998523682
1202,0.965307999,1.012188841,0.998523682
1203,0.965307999,1.012188841,0.998523682
1204,0.965307999,1.012188841,0.998523682
1205,0.965307999,1.01219245,0.998523682
1206,0.960923746,1.008612878,0.994893592
1207,0.965297174,1.012185233,0.998520074
1208,0.965307999,1.01219245,0.998523682
1209,0.965307999,1.012188841,0.998523682
1210,0.965307999,1.012188841,0.998523682
1211,0.965307999,1.012188841,0.998523682
1212,0.965203355,1.012105847,0.99843708
1213,0.963298099,1.010565044,0.996874625
1214,0.963579557,1.010785158,0.997091132
1215,0.965196138,1.012102239,0.998433471
1216,0.965304391,1.012188841,0.998523682
1217,0.965307999,1.01219245,0.998523682
1218,0.965307999,1.01219245,0.998523682
1219,0.965307999,1.01219245,0.998523682
1220,0.965307999,1.01219245,0.998523682
1221,0.960923746,1.008612878,0.994893592
1222,0.965297174,1.012185233,0.998520074
1223,0.965307999,1.01219245,0.998523682
1224,0.965307999,1.012188841,0.998523682
1225,0.965307999,1.012188841,0.998523682
1226,0.965307999,1.012188841,0.998523682
1227,0.965307999,1.012188841,0.998523682
1228,0.965307999,1.012188841,0.998523682
1229,0.963586774,1.010785158,0.99709474
1230,0.965196138,1.012102239,0.998433471
1231,0.965304391,1.012188841,0.998523682
1232,0.965307999,1.01219245,0.998523682
1233,0.965307999,1.01219245,0.998523682
1234,0.965307999,1.01219245,0.998523682
1235,0.965307999,1.01219245,0.998523682
1236,0.963088809,1.010391839,0.99670142
1237,0.965300783,1.012188841,0.998523682
1238,0.965307999,1.01219245,0.998523682
1239,0.965307999,1.012188841,0.998523682
1240,0.965307999,1.012188841,0.998523682
1241,0.965307999,1.012188841,0.998523682
1242,0.965307999,1.012188841,0.998523682
1243,0.965307999,1.012188841,0.998523682
1244,0.963586774,1.010785158,0.99709474
1245,0.965196138,1.012102239,0.998433471
1246,0.965304391,1.012188841,0.998523682
1247,0.965307999,1.01219245,0.998523682
1248,0.965307999,1.01219245,0.998523682
1249,0.965307999,1.01219245,0.998523682
1250,0.965307999,1.01219245,0.998523682
1251,0.963088809,1.010391839,0.99670142
1252,0.965300783,1.012188841,0.998523682
1253,0.965307999,1.01219245,0.998523682
1254,0.965307999,1.01219245,0.998523682
1255,0.965307999,1.01219245,0.998523682
1256,0.965307999,1.01219245,0.998523682
1257,0.965307999,1.01219245,0.998523682
1258,0.965307999,1.01219245,0.998523682
1259,0.963586774,1.010785158,0.99709474
1260,0.965304391,1.012188841,0.998523682
1261,0.965307999,1.01219245,0.998523682
1262,0.965307999,1.01219245,0.998523682
1263,0.965307999,1.01219245,0.998523682
1264,0.965307999,1.01219245,0.998523682
1265,0.965307999,1.01219245,0.998523682
1266,0.965307999,1.01219245,0.998523682
1267,0.965307999,1.01219245,0.998523682
1268,0.965307999,1.01219245,0.998523682
1269,0.965307999,1.01219245,0.998523682
1270,0.965307999,1.01219245,0.998523682
1271,0.965307999,1.01219245,0.998523682
1272,0.965307999,1.01219245,0.998523682
1273,0.965307999,1.01219245,0.998523682
1274,0.965307999,1.01219245,0.998523682
1275,0.965307999,1.01219245,0.998523682
1276,0.965307999,1.01219245,0.998523682
1277,0.965307999,1.01219245,0.998523682
1278,0.965307999,1.01219245,0.998523682
1279,0.965307999,1.01219245,0.998523682
1280,0.965307999,1.01219245,0.998523682
1281,0.965307999,1.01219245,0.998523682
1282,0.965307999,1.01219245,0.998523682
1283,0.965307999,1.01219245,0.998523682
1284,0.965307999,1.01219245,0.998523682
1285,0.965307999,1.01219245,0.998523682
1286,0.965307999,1.01219245,0.998523682
1287,0.965307999,1.01219245,0.998523682
1288,0.965307999,1.01219245,0.998523682
1289,0.96674055,1.013098168,0.999559304
1290,0.966747767,1.013098168,0.999562913
1291,0.966747767,1.013098168,0.999562913
1292,0.966747767,1.013098168,0.999562913
1293,0.966747767,1.013098168,0.999562913
1294,0.966747767,1.013098168,0.999562913
1295,0.966747767,1.013098168,0.999562913
1296,0.966747767,1.013098168,0.999562913
1297,0.966747767,1.013098168,0.999562913
1298,0.966747767,1.013098168,0.999562913
1299,0.966747767,1.013098168,0.999562913
1300,0.966747767,1.013098168,0.999562913
1301,0.966747767,1.013098168,0.999562913
1302,0.966747767,1.013098168,0.999562913
1303,0.966747767,1.013098168,0.999562913
1304,0.966747767,1.013098168,0.999562913
1305,0.966747767,1.013098168,0.999562913
1306,0.966747767,1.013098168,0.999562913
1307,0.966747767,1.013098168,0.999562913
1308,0.966747767,1.013098168,0.999562913
1309,0.966747767,1.013098168,0.999562913
1310,0.966747767,1.013098168,0.999562913
1311,0.966747767,1.013098168,0.999562913
1312,0.966747767,1.013098168,0.999562913
1313,0.966747767,1.013098168,0.999562913
1314,0.966747767,1.013098168,0.999562913
1315,0.966747767,1.013098168,0.999562913
1316,0.966747767,1.013098168,0.999562913
1317,0.966747767,1.013098168,0.999562913
1318,0.966747767,1.013098168,0.999562913
1319,0.966747767,1.013098168,0.999562913
1320,0.966747767,1.013098168,0.999562913
1321,0.966747767,1.013098168,0.999562913
1322,0.966747767,1.013098168,0.999562913
1323,0.966747767,1.013098168,0.999562913
1324,0.966747767,1.013098168,0.999562913
1325,0.966747767,1.013098168,0.999562913
1326,0.966747767,1.013098168,0.999562913
1327,0.966747767,1.013098168,0.999562913
1328,0.966747767,1.013098168,0.999562913
1329,0.966747767,1.013098168,0.999562913
1330,0.966747767,1.013098168,0.999562913
1331,0.966747767,1.013098168,0.999562913
1332,0.966747767,1.013098168,0.999562913
1333,0.966747767,1.013098168,0.999562913
1334,0.966747767,1.013098168,0.999562913
1335,0.966747767,1.013098168,0.999562913
1336,0.966747767,1.013098168,0.999562913
1337,0.966747767,1.013098168,0.999562913
1338,0.966747767,1.013098168,0.999562913
1339,0.966747767,1.013098168,0.999562913
1340,0.966747767,1.013098168,0.999562913
1341,0.966747767,1.013098168,0.999562913
1342,0.966747767,1.013098168,0.999562913
1343,0.966747767,1.013098168,0.999562913
1344,0.966747767,1.013098168,0.999562913
1345,0.966747767,1.013098168,0.999562913
1346,0.966747767,1.013098168,0.999562913
1347,0.966747767,1.013098168,0.999562913
1348,0.966747767,1.013098168,0.999562913
1349,0.966747767,1.013098168,0.999562913
1350,0.968198359,1.014003886,1.000602143
1351,0.968201968,1.014007495,1.000605752
1352,0.968201968,1.014007495,1.000605752
1353,0.968201968,1.014007495,1.000605752
1354,0.968201968,1.014007495,1.000605752
1355,0.968201968,1.014007495,1.000605752
1356,0.968201968,1.014007495,1.000605752
1357,0.968201968,1.014007495,1.000605752
1358,0.968201968,1.014007495,1.000605752
1359,0.968201968,1.014007495,1.000605752
1360,0.968201968,1.014007495,1.000605752
1361,0.968201968,1.014007495,1.000605752
1362,0.968201968,1.014007495,1.000605752
1363,0.968201968,1.014007495,1.000605752
1364,0.968201968,1.014007495,1.000605752
1365,0.968201968,1.014007495,1.000605752
1366,0.968201968,1.014007495,1.000605752
1367,0.968201968,1.014007495,1.000605752
1368,0.968201968,1.014007495,1.000605752
1369,0.968201968,1.014007495,1.000605752
1370,0.968201968,1.014007495,1.000605752
1371,0.968201968,1.014007495,1.000605752
1372,0.968201968,1.014007495,1.000605752
1373,0.968201968,1.014007495,1.000605752
1374,0.968201968,1.014007495,1.000605752
1375,0.968201968,1.014007495,1.000605752
1376,0.968201968,1.014007495,1.000605752
1377,0.968201968,1.014007495,1.000605752
1378,0.968201968,1.014007495,1.000605752
1379,0.968201968,1.014007495,1.000605752
1380,0.968201968,1.014007495,1.000605752
1381,0.968201968,1.014007495,1.000605752
1382,0.968201968,1.014007495,1.000605752
1383,0.968201968,1.014007495,1.000605752
1384,0.968201968,1.014007495,1.000605752
1385,0.968201968,1.014007495,1.000605752
1386,0.968201968,1.014007495,1.000605752
1387,0.968201968,1.014007495,1.000605752
1388,0.968201968,1.014007495,1.000605752
1389,0.968201968,1.014007495,1.000605752
1390,0.968201968,1.014007495,1.000605752
1391,0.968201968,1.014007495,1.000605752
1392,0.968201968,1.014007495,1.000605752
1393,0.968201968,1.014007495,1.000605752
1394,0.968201968,1.014007495,1.000605752
1395,0.968201968,1.014007495,1.000605752
1396,0.968201968,1.014007495,1.000605752
1397,0.968201968,1.014007495,1.000605752
1398,0.968201968,1.014007495,1.000605752
1399,0.968201968,1.014007495,1.000605752
1400,0.968201968,1.014007495,1.000605752
1401,0.968201968,1.014007495,1.000605752
1402,0.968201968,1.014007495,1.000605752
1403,0.968201968,1.014007495,1.000605752
1404,0.968201968,1.014007495,1.000605752
1405,0.968201968,1.014007495,1.000605752
1406,0.968201968,1.014007495,1.000605752
1407,0.968201968,1.014007495,1.000605752
1408,0.968201968,1.014007495,1.000605752
1409,0.975913202,1.018536086,1.006014802
1410,0.975920419,1.018539694,1.006014802
1411,0.975920419,1.018539694,1.006014802
1412,0.975920419,1.018539694,1.006014802
1413,0.975920419,1.018539694,1.006014802
1414,0.975920419,1.018539694,1.006014802
1415,0.975920419,1.018539694,1.006014802
1416,0.975920419,1.018539694,1.006014802
1417,0.975920419,1.018539694,1.006014802
1418,0.975920419,1.018539694,1.006014802
1419,0.975920419,1.018539694,1.006014802
1420,0.975920419,1.018539694,1.006014802
1421,0.975920419,1.018539694,1.006014802
1422,0.975920419,1.018539694,1.006014802
1423,0.975920419,1.018539694,1.006014802
1424,0.975920419,1.018539694,1.006014802
1425,0.975920419,1.018539694,1.006014802
1426,0.975920419,1.018539694,1.006014802
1427,0.975920419,1.018539694,1.006014802
1428,0.975920419,1.018539694,1.006014802
1429,0.975920419,1.018539694,1.006014802
1430,0.975920419,1.018539694,1.006014802
1431,0.975920419,1.018539694,1.006014802
1432,0.975920419,1.018539694,1.006014802
1433,0.975920419,1.018539694,1.006014802
1434,0.975920419,1.018539694,1.006014802
1435,0.975920419,1.018539694,1.006014802
1436,0.975920419,1.018539694,1.006014802
1437,0.975920419,1.018539694,1.006014802
1438,0.975920419,1.018539694,1.006014802
1439,0.975920419,1.018539694,1.006014802
1440,0.975920419,1.018539694,1.006014802
