Time,V1,V2,V3
0,0.983530617,1.020657848,1.007357141
1,0.983516184,1.020650631,1.007353533
2,0.983516184,1.020650631,1.007353533
3,0.983516184,1.020650631,1.007353533
4,0.983516184,1.020650631,1.007353533
5,0.983516184,1.020650631,1.007353533
6,0.983516184,1.020650631,1.007353533
7,0.983516184,1.020650631,1.007353533
8,0.983516184,1.020650631,1.007353533
9,0.983516184,1.020650631,1.007353533
10,0.983516184,1.020650631,1.007353533
11,0.983516184,1.020650631,1.007353533
12,0.983516184,1.020650631,1.007353533
13,0.983516184,1.020650631,1.007353533
14,0.983516184,1.020650631,1.007353533
15,0.983516184,1.020650631,1.007353533
16,0.983516184,1.020650631,1.007353533
17,0.983516184,1.020650631,1.007353533
18,0.983516184,1.020650631,1.007353533
19,0.983516184,1.020650631,1.007353533
20,0.983516184,1.020650631,1.007353533
21,0.983516184,1.020650631,1.007353533
22,0.983516184,1.020650631,1.007353533
23,0.983516184,1.020650631,1.007353533
24,0.983516184,1.020650631,1.007353533
25,0.983516184,1.020650631,1.007353533
26,0.983516184,1.020650631,1.007353533
27,0.983516184,1.020650631,1.007353533
28,0.983516184,1.020650631,1.007353533
29,0.983516184,1.020650631,1.007353533
30,0.991783118,1.025688012,1.013040433
31,0.991786726,1.025688012,1.013040433
32,0.991786726,1.025691621,1.013040433
33,0.991786726,1.025691621,1.013040433
34,0.991786726,1.025691621,1.013040433
35,0.991786726,1.025691621,1.013040433
36,0.991786726,1.025691621,1.013040433
37,0.991786726,1.025691621,1.013040433
38,0.991786726,1.025691621,1.013040433
39,0.991786726,1.025691621,1.013040433
40,0.991786726,1.025691621,1.013040433
41,0.991786726,1.025691621,1.013040433
42,0.991786726,1.025691621,1.013040433
43,0.991786726,1.025691621,1.013040433
44,0.991786726,1.025691621,1.013040433
45,0.991786726,1.025691621,1.013040433
46,0.991786726,1.025691621,1.013040433
47,0.991786726,1.025691621,1.013040433
48,0.991786726,1.025691621,1.013040433
49,0.991786726,1.025691621,1.013040433
50,0.991786726,1.025691621,1.013040433
51,0.991786726,1.025691621,1.013040433
52,0.991786726,1.025691621,1.013040433
53,0.991786726,1.025691621,1.013040433
54,0.991786726,1.025691621,1.013040433
55,0.991786726,1.025691621,1.013040433
56,0.991786726,1.025691621,1.013040433
57,0.991786726,1.025691621,1.013040433
58,0.991786726,1.025691621,1.013040433
59,0.991786726,1.025691621,1.013040433
60,0.991786726,1.025691621,1.013040433
61,0.991786726,1.025691621,1.013040433
62,0.991786726,1.025691621,1.013040433
63,0.991786726,1.025691621,1.013040433
64,0.991786726,1.025691621,1.013040433
65,0.991786726,1.025691621,1.013040433
66,0.991786726,1.025691621,1.013040433
67,0.991786726,1.025691621,1.013040433
68,0.991786726,1.025691621,1.013040433
69,0.991786726,1.025691621,1.013040433
70,0.991786726,1.025691621,1.013040433
71,0.991786726,1.025691621,1.013040433
72,0.991786726,1.025691621,1.013040433
73,0.991786726,1.025691621,1.013040433
74,0.991786726,1.025691621,1.013040433
75,0.991786726,1.025691621,1.013040433
76,0.991786726,1.025691621,1.013040433
77,0.991786726,1.025691621,1.013040433
78,0.991786726,1.025691621,1.013040433
79,0.991786726,1.025691621,1.013040433
80,0.991786726,1.025691621,1.013040433
81,0.991786726,1.025691621,1.013040433
82,0.991786726,1.025691621,1.013040433
83,0.991786726,1.025691621,1.013040433
84,0.991786726,1.025691621,1.013040433
85,0.991786726,1.025691621,1.013040433
86,0.991786726,1.025691621,1.013040433
87,0.991786726,1.025691621,1.013040433
88,0.991786726,1.025691621,1.013040433
89,0.995871479,1.028192269,1.015851407
90,0.995875088,1.028192269,1.015851407
91,0.995875088,1.028192269,1.015851407
92,0.995875088,1.028192269,1.015851407
93,0.995875088,1.028192269,1.015851407
94,0.995875088,1.028192269,1.015851407
95,0.995875088,1.028192269,1.015851407
96,0.995875088,1.028192269,1.015851407
97,0.995875088,1.028192269,1.015851407
98,0.995875088,1.028192269,1.015851407
99,0.995875088,1.028192269,1.015851407
100,0.995875088,1.028192269,1.015851407
101,0.995875088,1.028192269,1.015851407
102,0.995875088,1.028192269,1.015851407
103,0.995875088,1.028192269,1.015851407
104,0.995875088,1.028192269,1.015851407
105,0.995875088,1.028192269,1.015851407
106,0.995875088,1.028192269,1.015851407
107,0.995875088,1.028192269,1.015851407
108,0.995875088,1.028192269,1.015851407
109,0.995875088,1.028192269,1.015851407
110,0.995875088,1.028192269,1.015851407
111,0.995875088,1.028192269,1.015851407
112,0.995875088,1.028192269,1.015851407
113,0.995875088,1.028192269,1.015851407
114,0.995875088,1.028192269,1.015851407
115,0.995875088,1.028192269,1.015851407
116,0.995875088,1.028192269,1.015851407
117,0.995875088,1.028192269,1.015851407
118,0.995875088,1.028192269,1.015851407
119,0.995875088,1.028192269,1.015851407
120,0.995875088,1.028192269,1.015851407
121,0.995875088,1.028192269,1.015851407
122,0.995875088,1.028192269,1.015851407
123,0.995875088,1.028192269,1.015851407
124,0.995875088,1.028192269,1.015851407
125,0.995875088,1.028192269,1.015851407
126,0.995875088,1.028192269,1.015851407
127,0.995875088,1.028192269,1.015851407
128,0.995875088,1.028192269,1.015851407
129,0.995875088,1.028192269,1.015851407
130,0.995875088,1.028192269,1.015851407
131,0.995875088,1.028192269,1.015851407
132,0.995875088,1.028192269,1.015851407
133,0.995875088,1.028192269,1.015851407
134,0.995875088,1.028192269,1.015851407
135,0.995875088,1.028192269,1.015851407
136,0.995875088,1.028192269,1.015851407
137,0.995875088,1.028192269,1.015851407
138,0.995875088,1.028192269,1.015851407
139,0.995875088,1.028192269,1.015851407
140,0.995875088,1.028192269,1.015851407
141,0.995875088,1.028192269,1.015851407
142,0.995875088,1.028192269,1.015851407
143,0.995875088,1.028192269,1.015851407
144,0.995875088,1.028192269,1.015851407
145,0.995875088,1.028192269,1.015851407
146,0.995875088,1.028192269,1.015851407
147,0.995875088,1.028192269,1.015851407
148,0.995875088,1.028192269,1.015851407
149,0.995875088,1.028192269,1.015851407
150,0.999934582,1.027456147,1.013321891
151,0.999927365,1.027452539,1.013321891
152,0.999927365,1.027452539,1.013321891
153,0.999927365,1.027452539,1.013321891
154,0.999927365,1.027452539,1.013321891
155,0.999927365,1.027452539,1.013321891
156,0.999927365,1.027452539,1.013321891
157,0.999927365,1.027452539,1.013321891
158,0.999927365,1.027452539,1.013321891
159,0.999927365,1.027452539,1.013321891
160,0.999927365,1.027452539,1.013321891
161,0.999927365,1.027452539,1.013321891
162,0.999927365,1.027452539,1.013321891
163,0.999927365,1.027452539,1.013321891
164,0.999927365,1.027452539,1.013321891
165,0.999927365,1.027452539,1.013321891
166,0.999927365,1.027452539,1.013321891
167,0.999927365,1.027452539,1.013321891
168,0.999927365,1.027452539,1.013321891
169,0.999927365,1.027452539,1.013321891
170,0.999927365,1.027452539,1.013321891
171,0.999927365,1.027452539,1.013321891
172,0.999927365,1.027452539,1.013321891
173,0.999927365,1.027452539,1.013321891
174,0.999927365,1.027452539,1.013321891
175,0.999927365,1.027452539,1.013321891
176,0.999927365,1.027452539,1.013321891
177,0.999927365,1.027452539,1.013321891
178,0.999927365,1.027452539,1.013321891
179,0.999927365,1.027452539,1.013321891
180,0.999927365,1.027452539,1.013321891
181,0.999927365,1.027452539,1.013321891
182,0.999927365,1.027452539,1.013321891
183,0.999927365,1.027452539,1.013321891
184,0.999927365,1.027452539,1.013321891
185,0.999927365,1.027452539,1.013321891
186,0.999927365,1.027452539,1.013321891
187,0.999927365,1.027452539,1.013321891
188,0.999927365,1.027452539,1.013321891
189,0.999927365,1.027452539,1.013321891
190,0.999927365,1.027452539,1.013321891
191,0.999927365,1.027452539,1.013321891
192,0.999927365,1.027452539,1.013321891
193,0.999927365,1.027452539,1.013321891
194,0.999927365,1.027452539,1.013321891
195,0.999927365,1.027452539,1.013321891
196,0.999927365,1.027452539,1.013321891
197,0.999927365,1.027452539,1.013321891
198,0.999927365,1.027452539,1.013321891
199,0.999927365,1.027452539,1.013321891
200,0.999927365,1.027452539,1.013321891
201,0.999927365,1.027452539,1.013321891
202,0.999927365,1.027452539,1.013321891
203,0.999927365,1.027452539,1.013321891
204,0.999927365,1.027452539,1.013321891
205,0.999927365,1.027452539,1.013321891
206,0.999927365,1.027452539,1.013321891
207,0.999927365,1.027452539,1.013321891
208,0.999927365,1.027452539,1.013321891
209,1.001269704,1.02828248,1.014234826
210,1.001273313,1.02828248,1.014234826
211,1.001273313,1.02828248,1.014234826
212,1.001273313,1.02828248,1.014234826
213,1.001273313,1.02828248,1.014234826
214,1.001273313,1.02828248,1.014234826
215,1.001273313,1.02828248,1.014234826
216,1.001273313,1.02828248,1.014234826
217,1.001273313,1.02828248,1.014234826
218,1.001273313,1.02828248,1.014234826
219,1.001273313,1.02828248,1.014234826
220,1.001273313,1.02828248,1.014234826
221,1.001273313,1.02828248,1.014234826
222,1.001273313,1.02828248,1.014234826
223,1.001273313,1.02828248,1.014234826
224,1.001273313,1.02828248,1.014234826
225,1.001273313,1.02828248,1.014234826
226,1.001273313,1.02828248,1.014234826
227,1.001273313,1.02828248,1.014234826
228,1.001273313,1.02828248,1.014234826
229,1.001273313,1.02828248,1.014234826
230,1.001273313,1.02828248,1.014234826
231,1.001273313,1.02828248,1.014234826
232,1.001273313,1.02828248,1.014234826
233,1.001273313,1.02828248,1.014234826
234,1.001273313,1.02828248,1.014234826
235,1.001273313,1.02828248,1.014234826
236,1.001273313,1.02828248,1.014234826
237,1.001273313,1.02828248,1.014234826
238,1.001273313,1.02828248,1.014234826
239,1.001273313,1.02828248,1.014234826
240,1.001273313,1.02828248,1.014234826
241,1.001273313,1.02828248,1.014234826
242,1.001273313,1.02828248,1.014234826
243,1.001273313,1.02828248,1.014234826
244,1.001273313,1.02828248,1.014234826
245,1.001273313,1.02828248,1.014234826
246,1.001273313,1.02828248,1.014234826
247,1.001273313,1.02828248,1.014234826
248,1.001273313,1.02828248,1.014234826
249,1.001273313,1.02828248,1.014234826
250,1.001273313,1.02828248,1.014234826
251,1.001273313,1.02828248,1.014234826
252,1.001273313,1.02828248,1.014234826
253,1.001273313,1.02828248,1.014234826
254,1.001273313,1.02828248,1.014234826
255,1.001273313,1.02828248,1.014234826
256,1.001273313,1.02828248,1.014234826
257,1.001273313,1.02828248,1.014234826
258,1.001273313,1.02828248,1.014234826
259,1.001273313,1.02828248,1.014234826
260,1.001273313,1.02828248,1.014234826
261,1.001273313,1.02828248,1.014234826
262,1.001273313,1.02828248,1.014234826
263,1.001273313,1.02828248,1.014234826
264,1.001273313,1.02828248,1.014234826
265,1.001273313,1.02828248,1.014234826
266,1.001273313,1.02828248,1.014234826
267,1.001273313,1.02828248,1.014234826
268,1.001273313,1.02828248,1.014234826
269,1.001273313,1.02828248,1.014234826
270,1.003950775,1.029935145,1.016057088
271,1.003957992,1.029935145,1.016057088
272,1.003957992,1.029935145,1.016057088
273,1.003957992,1.029935145,1.016057088
274,1.003957992,1.029935145,1.016057088
275,1.003957992,1.029935145,1.016057088
276,1.003957992,1.029935145,1.016057088
277,1.003957992,1.029935145,1.016057088
278,1.003957992,1.029935145,1.016057088
279,1.003957992,1.029935145,1.016057088
280,1.003957992,1.029935145,1.016057088
281,1.003957992,1.029935145,1.016057088
282,1.003957992,1.029935145,1.016057088
283,1.003957992,1.029935145,1.016057088
284,1.003957992,1.029935145,1.016057088
285,1.003957992,1.029935145,1.016057088
286,1.003957992,1.029935145,1.016057088
287,1.003957992,1.029935145,1.016057088
288,1.003957992,1.029935145,1.016057088
289,1.003957992,1.029935145,1.016057088
290,1.003957992,1.029935145,1.016057088
291,1.003957992,1.029935145,1.016057088
292,1.003957992,1.029935145,1.016057088
293,1.003957992,1.029935145,1.016057088
294,1.003957992,1.029935145,1.016057088
295,1.003957992,1.029935145,1.016057088
296,1.003957992,1.029935145,1.016057088
297,1.003957992,1.029935145,1.016057088
298,1.003957992,1.029935145,1.016057088
299,1.003957992,1.029935145,1.016057088
300,1.003957992,1.029935145,1.016057088
301,1.003957992,1.029935145,1.016057088
302,1.003957992,1.029935145,1.016057088
303,1.003957992,1.029935145,1.016057088
304,1.003957992,1.029935145,1.016057088
305,1.003957992,1.029935145,1.016057088
306,1.003957992,1.029935145,1.016057088
307,1.003957992,1.029935145,1.016057088
308,1.003957992,1.029935145,1.016057088
309,1.003957992,1.029935145,1.016057088
310,1.003957992,1.029935145,1.016057088
311,1.003957992,1.029935145,1.016057088
312,1.003957992,1.029935145,1.016057088
313,1.003957992,1.029935145,1.016057088
314,1.003957992,1.029935145,1.016057088
315,1.003957992,1.029935145,1.016057088
316,1.003957992,1.029935145,1.016057088
317,1.003957992,1.029935145,1.016057088
318,1.003957992,1.029935145,1.016057088
319,1.003957992,1.029935145,1.016057088
320,1.003957992,1.029935145,1.016057088
321,1.003957992,1.029935145,1.016057088
322,1.003957992,1.029935145,1.016057088
323,1.003957992,1.029935145,1.016057088
324,1.003957992,1.029935145,1.016057088
325,1.003957992,1.029935145,1.016057088
326,1.003957992,1.029935145,1.016057088
327,1.003957992,1.029935145,1.016057088
328,1.003957992,1.029935145,1.016057088
329,1.003957992,1.029935145,1.016057088
330,1.003957992,1.029935145,1.016057088
331,1.003957992,1.029935145,1.016057088
332,1.003957992,1.029935145,1.016057088
333,1.003957992,1.029935145,1.016057088
334,1.003957992,1.029935145,1.016057088
335,1.003957992,1.029935145,1.016057088
336,1.003957992,1.029935145,1.016057088
337,1.003957992,1.029935145,1.016057088
338,1.003957992,1.029935145,1.016057088
339,1.003957992,1.029935145,1.016057088
340,1.003957992,1.029935145,1.016057088
341,1.003957992,1.029935145,1.016057088
342,1.003957992,1.029935145,1.016057088
343,1.003957992,1.029935145,1.016057088
344,1.003957992,1.029935145,1.016057088
345,1.003957992,1.029935145,1.016057088
346,1.003957992,1.029935145,1.016057088
347,1.003957992,1.029935145,1.016057088
348,1.003957992,1.029935145,1.016057088
349,1.003957992,1.029935145,1.016057088
350,1.003957992,1.029935145,1.016057088
351,1.003957992,1.029935145,1.016057088
352,1.003957992,1.029935145,1.016057088
353,1.003957992,1.029935145,1.016057088
354,1.003957992,1.029935145,1.016057088
355,1.003957992,1.029935145,1.016057088
356,1.003957992,1.029935145,1.016057088
357,1.003957992,1.029935145,1.016057088
358,1.003957992,1.029935145,1.016057088
359,1.003957992,1.029935145,1.016057088
360,1.003957992,1.029935145,1.016057088
361,1.003957992,1.029935145,1.016057088
362,1.003954383,1.029935145,1.016057088
363,1.003957992,1.029935145,1.016057088
364,1.003957992,1.029935145,1.016057088
365,1.003957992,1.029935145,1.016057088
366,1.003957992,1.029935145,1.016057088
367,1.003957992,1.029935145,1.016057088
368,1.003957992,1.029935145,1.016057088
369,1.003957992,1.029935145,1.016057088
370,1.003957992,1.029935145,1.016057088
371,1.003957992,1.029935145,1.016057088
372,1.003957992,1.029935145,1.016057088
373,1.003957992,1.029935145,1.016057088
374,1.003546629,1.029610386,1.015732329
375,1.002409971,1.028719101,1.014848261
376,1.001392391,1.027918028,1.014054404
377,1.002738339,1.028978909,1.015108069
378,1.00248214,1.028773228,1.014902388
379,1.002565134,1.028845397,1.014974556
380,1.003535804,1.029606777,1.01572872
381,1.003947166,1.029931537,1.01605348
382,1.003957992,1.029935145,1.016057088
383,1.003957992,1.029935145,1.016057088
384,1.003817262,1.029826892,1.015948835
385,1.002514616,1.028816529,1.014931255
386,1.002557917,1.028852613,1.014970948
387,1.002651737,1.028924782,1.015043117
388,1.002586785,1.028874264,1.01498899
389,1.003164135,1.029318102,1.015440045
390,1.005087433,1.030371766,1.016670523
391,1.004087895,1.029581518,1.015887491
392,1.005419409,1.030635182,1.01693033
393,1.005166819,1.030429501,1.016728258
394,1.005033306,1.030328465,1.016627222
395,1.00447039,1.029888235,1.016183383
396,1.005246204,1.03050167,1.01679321
397,1.004502866,1.029917103,1.016208643
398,1.005920982,1.031032111,1.01732365
399,1.006483899,1.031475949,1.017760271
400,1.005199295,1.030476411,1.016757125
401,1.005242596,1.030512495,1.016796818
402,1.005336415,1.030581056,1.016868987
403,1.005271463,1.030530538,1.01681486
404,1.005841597,1.030970767,1.017262307
405,1.00509465,1.030375375,1.016674131
406,1.004087895,1.029581518,1.015887491
407,1.005419409,1.030635182,1.01693033
408,1.005166819,1.030429501,1.016728258
409,1.005033306,1.030328465,1.016627222
410,1.00447039,1.029888235,1.016183383
411,1.005246204,1.03050167,1.01679321
412,1.004502866,1.029917103,1.016208643
413,1.005920982,1.031032111,1.01732365
414,1.006483899,1.03147234,1.017760271
415,1.005199295,1.030472803,1.016757125
416,1.005242596,1.030508887,1.01679321
417,1.005336415,1.030581056,1.016865378
418,1.005271463,1.030530538,1.01681486
419,1.005841597,1.030970767,1.017262307
420,1.00509465,1.030375375,1.016674131
421,1.004087895,1.029581518,1.015887491
422,1.005419409,1.030635182,1.01693033
423,1.005166819,1.030429501,1.016728258
424,1.005033306,1.030328465,1.016627222
425,1.00447039,1.029888235,1.016183383
426,1.005246204,1.03050167,1.01679321
427,1.004502866,1.029917103,1.016208643
428,1.005920982,1.031032111,1.01732365
429,1.005444668,1.030649616,1.016944764
430,1.003113617,1.028830963,1.015126111
431,1.003200219,1.028899523,1.01519828
432,1.003810046,1.029379446,1.015674594
433,1.003896648,1.029448006,1.015743154
434,1.00486371,1.03020217,1.016497318
435,1.005087433,1.030371766,1.016670523
436,1.004087895,1.029581518,1.015887491
437,1.005419409,1.030635182,1.01693033
438,1.005166819,1.030429501,1.016728258
439,1.004225016,1.029700597,1.015995745
440,1.003008972,1.028751577,1.015043117
441,1.00377757,1.029361403,1.015649334
442,1.003102791,1.028827354,1.015115285
443,1.004971963,1.030295989,1.01658392
444,1.005433843,1.030646008,1.016941156
445,1.003113617,1.028830963,1.015126111
446,1.003200219,1.028899523,1.01519828
447,1.003810046,1.029379446,1.015674594
448,1.003896648,1.029448006,1.015743154
449,0.998585026,1.026175152,1.012134715
450,0.997758693,1.025525633,1.011485196
451,0.996513781,1.024544137,1.010507309
452,0.998711321,1.026276188,1.012235751
453,0.999710859,1.027055611,1.013018782
454,0.998823183,1.026366399,1.012322354
455,0.997581879,1.025402946,1.011351683
456,0.998364911,1.026019989,1.011965118
457,0.997675699,1.025478723,1.011423852
458,0.999580955,1.026969008,1.012921354
459,1.00005366,1.027326244,1.013285807
460,0.997693741,1.025482331,1.011438286
461,0.997780344,1.0255545,1.011506846
462,0.998400995,1.026041639,1.011993986
463,0.998487598,1.0261102,1.012062546
464,0.998577809,1.026175152,1.012131106
465,0.997758693,1.025525633,1.011485196
466,0.996513781,1.024544137,1.010507309
467,0.998711321,1.026276188,1.012235751
468,0.999710859,1.027059219,1.013018782
469,0.998823183,1.026366399,1.012322354
470,0.997581879,1.025402946,1.011351683
471,0.998361302,1.02601638,1.011965118
472,0.997675699,1.025475114,1.011423852
473,0.999580955,1.026969008,1.012921354
474,1.00005366,1.027326244,1.013282198
475,0.997693741,1.025482331,1.011438286
476,0.997780344,1.0255545,1.011506846
477,0.998400995,1.026041639,1.011993986
478,0.998487598,1.0261102,1.012062546
479,0.999010821,1.026514345,1.0124703
480,0.999339189,1.026770544,1.01272289
481,0.999147942,1.02661899,1.012571336
482,0.999956232,1.027254075,1.013206421
483,0.999653124,1.027008701,1.012968264
484,0.997675699,1.025460681,1.011420244
485,0.996452438,1.024511661,1.010464007
486,0.997502494,1.025341602,1.01129034
487,0.99767209,1.025475114,1.011420244
488,0.999580955,1.026969008,1.012921354
489,0.999248978,1.026701984,1.01265433
490,0.997610747,1.025417379,1.011373334
491,0.998303567,1.025958645,1.011918208
492,0.999728901,1.027073653,1.013033216
493,0.999887672,1.02719634,1.013155903
494,0.999335581,1.026763327,1.012719282
495,0.997322072,1.025182831,1.011135177
496,0.996921535,1.024865288,1.010817634
497,0.999866022,1.027185515,1.013141469
498,0.999649515,1.027008701,1.012968264
499,0.997906639,1.025641103,1.011600666
500,0.998260266,1.025933386,1.011885732
501,0.998938653,1.026467435,1.012416173
502,0.999866022,1.02719634,1.013141469
503,1.00030986,1.027539142,1.013487879
504,0.99924537,1.026701984,1.01265433
505,0.997610747,1.025417379,1.011373334
506,0.998303567,1.025958645,1.011918208
507,0.999728901,1.027073653,1.013033216
508,0.999887672,1.02719634,1.013155903
509,0.999331973,1.026759719,1.012719282
510,0.984909041,1.017558199,1.002684213
511,0.984476028,1.017222614,1.002345019
512,0.987572069,1.019640268,1.004780716
513,0.987341129,1.019452629,1.004600294
514,0.985518867,1.018034513,1.00317496
515,0.98588332,1.018337622,1.003467244
516,0.986594182,1.018889713,1.004019335
517,0.987561244,1.019647485,1.004777107
518,0.988023124,1.020004721,1.005137951
519,0.986918942,1.019135087,1.004268317
520,0.985208542,1.017803573,1.002933195
521,0.984764704,1.017442729,1.002579568
522,0.985056987,1.017666452,1.002810508
523,0.985619904,1.01811029,1.003254346
524,0.985702898,1.01817885,1.003319298
525,0.984905433,1.01755459,1.002680604
526,0.984476028,1.017222614,1.002345019
527,0.987229267,1.019380461,1.0045173
528,0.985583819,1.018099465,1.003225478
529,0.984050233,1.016901463,1.002027477
530,0.98588332,1.018337622,1.003467244
531,0.986594182,1.018889713,1.004019335
532,0.987561244,1.019647485,1.004777107
533,0.986388501,1.018727333,1.003856955
534,0.985695681,1.018186067,1.003312081
535,0.9869009,1.019135087,1.0042611
536,0.986926159,1.019142304,1.004279143
537,0.986695218,1.018947448,1.004091504
538,0.987074105,1.019250557,1.004394613
539,0.986767387,1.019005183,1.00414563
540,0.984909041,1.017558199,1.002684213
541,0.984476028,1.017222614,1.002345019
542,0.987229267,1.019380461,1.0045173
543,0.985583819,1.018099465,1.003225478
544,0.984927083,1.017583458,1.00271308
545,0.98743134,1.019528407,1.004676071
546,0.988153028,1.020091323,1.005235379
547,0.98902627,1.020776927,1.005917374
548,0.987409689,1.019513973,1.004650812
549,0.985699289,1.018186067,1.003312081
550,0.9869009,1.019135087,1.0042611
551,0.98692255,1.019142304,1.004279143
552,0.98669161,1.018947448,1.004091504
553,0.987074105,1.019250557,1.004394613
554,0.987680322,1.019723262,1.004867318
555,0.986980285,1.019178388,1.004315227
556,0.986781821,1.019023225,1.004160064
557,0.9886113,1.020455775,1.005596223
558,0.985641554,1.018146374,1.003275997
559,0.984562631,1.017294783,1.002424405
560,0.985295144,1.017854091,1.002998147
561,0.985865277,1.018301537,1.003445593
562,0.987294219,1.019420153,1.004567818
563,0.987113797,1.019279424,1.004419872
564,0.985699289,1.018186067,1.003312081
565,0.9869009,1.019135087,1.0042611
566,0.985493608,1.018038121,1.003160526
567,0.984973993,1.017615934,1.002745556
568,0.986612224,1.018893321,1.004033769
569,0.983534226,1.017190138,1.002045519
570,0.982808929,1.01663083,1.001478994
571,0.982177453,1.016140082,1.000984638
572,0.982072808,1.016060697,1.000901644
573,0.979427822,1.017460771,1.004040986
574,0.980347974,1.017980386,1.004719372
575,0.981112963,1.01855052,1.005314765
576,0.981690313,1.019001574,1.005773036
577,0.983140906,1.020127408,1.00692052
578,0.982956875,1.019986678,1.006768966
579,0.981520717,1.018882496,1.005632307
580,0.982736761,1.019838732,1.006606586
581,0.981311427,1.01873455,1.005477144
582,0.980784595,1.018308754,1.005054957
583,0.982448086,1.019596967,1.006375646
584,0.983530617,1.020430516,1.007227237
585,0.982819755,1.019882034,1.006660712
586,0.982191886,1.019394894,1.006162748
587,0.982083633,1.019315509,1.006079754
588,0.98139803,1.018799502,1.005542096
589,0.983079562,1.02009854,1.006877219
590,0.982758411,1.019824299,1.006613803
591,0.982603248,1.019708829,1.006491116
592,0.983144514,1.020131016,1.00692052
593,0.982956875,1.019986678,1.006768966
594,0.982556339,1.019672744,1.006447815
595,0.984382209,1.021094469,1.007898407
596,0.982292923,1.019481497,1.006245742
597,0.980777378,1.018308754,1.005051349
598,0.980968626,1.018442266,1.005202903
599,0.980856764,1.018348447,1.005109084
600,0.983281635,1.020239269,1.007032382
601,0.983433189,1.020354739,1.007147852
602,0.982177453,1.019387677,1.006151923
603,0.98139803,1.018799502,1.005542096
604,0.982332616,1.019528407,1.006289043
605,0.98112018,1.01857217,1.005321982
606,0.981347512,1.018748984,1.005506012
607,0.983140906,1.020127408,1.00692052
608,0.982956875,1.019986678,1.006768966
609,0.982556339,1.019672744,1.006447815
610,0.982476953,1.019615009,1.006386471
611,0.979943829,1.017666452,1.004391004
612,0.980430968,1.018045338,1.004780716
613,0.980965017,1.018442266,1.005202903
614,0.980856764,1.018348447,1.005109084
615,0.983285243,1.020239269,1.00703599
616,0.983433189,1.020354739,1.007147852
617,0.982177453,1.019387677,1.006151923
618,0.98139803,1.018799502,1.005542096
619,0.982332616,1.019528407,1.006289043
620,0.98112018,1.01857217,1.005321982
621,0.981347512,1.018748984,1.005506012
622,0.983140906,1.020127408,1.00692052
623,0.982956875,1.019986678,1.006768966
624,0.982556339,1.019672744,1.006447815
625,0.982473345,1.019615009,1.006386471
626,0.981156264,1.018608255,1.005347241
627,0.982837797,1.019918118,1.006685972
628,0.982964092,1.019997504,1.006783399
629,0.98218467,1.019384069,1.006162748
630,0.980510354,1.01855052,1.005119909
631,0.980640258,1.018658773,1.005228162
632,0.979712889,1.017940693,1.004488432
633,0.980391275,1.018467525,1.00502609
634,0.981011927,1.018951056,1.005520446
635,0.978063832,1.016850945,1.003232695
636,0.977688554,1.016547836,1.002929586
637,0.977796807,1.016634438,1.003027014
638,0.979536075,1.017796356,1.004351311
639,0.980510354,1.018557736,1.005127126
640,0.980077341,1.018222152,1.004777107
641,0.978107133,1.016883421,1.003257954
642,0.980044865,1.018218543,1.004762673
643,0.978215386,1.016970023,1.003348165
644,0.977555042,1.016435974,1.002814116
645,0.980181986,1.018305146,1.004867318
646,0.980643866,1.018658773,1.005228162
647,0.979712889,1.017940693,1.004488432
648,0.979579376,1.017836049,1.004383787
649,0.978157651,1.016919505,1.003297647
650,0.976905523,1.015901925,1.002280067
651,0.977677729,1.016540619,1.002922369
652,0.977796807,1.016634438,1.003027014
653,0.979536075,1.017796356,1.00435492
654,0.980513962,1.018557736,1.005127126
655,0.980077341,1.018222152,1.004777107
656,0.978107133,1.016883421,1.003261563
657,0.980048474,1.018218543,1.004762673
658,0.978215386,1.016970023,1.003348165
659,0.977555042,1.016435974,1.002814116
660,0.980181986,1.018305146,1.004867318
661,0.980643866,1.018658773,1.005228162
662,0.979712889,1.017940693,1.004488432
663,0.979579376,1.017836049,1.004383787
664,0.978522104,1.01720818,1.003589931
665,0.97901646,1.017612325,1.003997684
666,0.980254155,1.018377315,1.00493227
667,0.979864443,1.018048947,1.004607511
668,0.979846401,1.018038121,1.004596685
669,0.980513962,1.018557736,1.005127126
670,0.980077341,1.018222152,1.004777107
671,0.97982475,1.018023687,1.004575035
672,0.981787741,1.019550057,1.00613388
673,0.978673658,1.017334476,1.003719835
674,0.977544217,1.016428757,1.002810508
675,0.978215386,1.016970023,1.003362599
676,0.978081874,1.016858162,1.003250737
677,0.980513962,1.018557736,1.005127126
678,0.980459836,1.018514435,1.005080216
679,0.978514887,1.017204572,1.003586322
680,0.97901646,1.017612325,1.003997684
681,0.979012851,1.017608717,1.003994076
682,0.977955579,1.016764342,1.003146093
683,0.97855458,1.017240656,1.003633232
684,0.980513962,1.018557736,1.005127126
685,0.980077341,1.018222152,1.004777107
686,0.9798031,1.018005645,1.004556992
687,0.979705672,1.017937085,1.004484824
688,0.976382299,1.015468913,1.001839838
689,0.971915052,1.01612204,1.003911082
690,0.9727053,1.016796818,1.004596685
691,0.972564571,1.016684957,1.004481215
692,0.974668291,1.018384531,1.006216874
693,0.974621381,1.018344839,1.006173573
694,0.973026451,1.017034975,1.004834842
695,0.973531632,1.017446337,1.005253421
696,0.973535241,1.01743912,1.005246204
697,0.972485185,1.016587529,1.004383787
698,0.973044493,1.017063843,1.004867318
699,0.974668291,1.018384531,1.006216874
700,0.974260537,1.018048947,1.005870464
701,0.973993513,1.01783244,1.005646741
702,0.973903302,1.017760271,1.005574572
703,0.972362498,1.016472059,1.0042611
704,0.97457808,1.018297929,1.006123055
705,0.974307447,1.018088639,1.005910157
706,0.973611018,1.01753294,1.005343632
707,0.974671899,1.01838814,1.006216874
708,0.974621381,1.018344839,1.006173573
709,0.973733705,1.017619542,1.005430235
710,0.97508687,1.018716508,1.006552459
711,0.974707984,1.01840979,1.006234917
712,0.972488793,1.016591137,1.004387396
713,0.97203413,1.016230293,1.004019335
714,0.972492402,1.016627222,1.004427089
715,0.97397547,1.017828832,1.005646741
716,0.974794586,1.018485568,1.006317911
717,0.974228061,1.018023687,1.005841597
718,0.972362498,1.016472059,1.0042611
719,0.974412092,1.018160808,1.005982326
720,0.972597047,1.016670523,1.004463173
721,0.972214552,1.016367414,1.004160064
722,0.974534778,1.018279887,1.006108621
723,0.974617773,1.018344839,1.006169965
724,0.973733705,1.017619542,1.005430235
725,0.973928561,1.017781922,1.005596223
726,0.972261462,1.016403498,1.00419254
727,0.971658852,1.015901925,1.003687359
728,0.972016088,1.016215859,1.004012118
729,0.972492402,1.016627222,1.004427089
730,0.97397547,1.017828832,1.00565035
731,0.974794586,1.018485568,1.006317911
732,0.974228061,1.018023687,1.005841597
733,0.972366106,1.016472059,1.004264709
734,0.974412092,1.018160808,1.005982326
735,0.972597047,1.016670523,1.004463173
736,0.972214552,1.016367414,1.004160064
737,0.974534778,1.018279887,1.006108621
738,0.974617773,1.018344839,1.006169965
739,0.973733705,1.017619542,1.005430235
740,0.973928561,1.017778314,1.005596223
741,0.972864071,1.016894246,1.004694113
742,0.973845567,1.017698928,1.005513229
743,0.974238886,1.018030904,1.005852422
744,0.974087332,1.017915434,1.005736952
745,0.974105374,1.017933476,1.005754994
746,0.974798194,1.018485568,1.006317911
747,0.974228061,1.018023687,1.005841597
748,0.97397547,1.017818006,1.005632307
749,0.975934853,1.019387677,1.007241671
750,0.97423167,1.017774705,1.005686434
751,0.973419771,1.017121578,1.005022481
752,0.974025989,1.017630368,1.005542096
753,0.974264146,1.017825223,1.005744169
754,0.975822991,1.019062918,1.007010731
755,0.975949287,1.019163954,1.007108159
756,0.97420641,1.017756663,1.005664783
757,0.975191514,1.018554128,1.006480291
758,0.974459001,1.017955127,1.005866856
759,0.973820307,1.01743912,1.005343632
760,0.974747676,1.018207718,1.006130272
761,0.976169401,1.019337159,1.007292189
762,0.97559566,1.018878888,1.006815875
763,0.975162647,1.018532477,1.00645864
764,0.975278117,1.018629905,1.006559676
765,0.971983612,1.015916359,1.003795612
766,0.973416162,1.017117969,1.005018873
767,0.974025989,1.017630368,1.005542096
768,0.974267754,1.017825223,1.005744169
769,0.9758266,1.019062918,1.00701434
770,0.975949287,1.019163954,1.007108159
771,0.974210019,1.017756663,1.005664783
772,0.975191514,1.018554128,1.006480291
773,0.974459001,1.017955127,1.005866856
774,0.973820307,1.01743912,1.005343632
775,0.974747676,1.018207718,1.006130272
776,0.976169401,1.019337159,1.007292189
777,0.97559566,1.018878888,1.006815875
778,0.975162647,1.018532477,1.00645864
779,0.975278117,1.018629905,1.006559676
780,0.973621843,1.017265915,1.00516321
781,0.976053931,1.019250557,1.007194761
782,0.975631744,1.018907755,1.00685196
783,0.975151822,1.018525261,1.00645864
784,0.975830208,1.019066526,1.00701434
785,0.975949287,1.019163954,1.007108159
786,0.975148213,1.018525261,1.006451423
787,0.977067903,1.019831515,1.007952534
788,0.975429671,1.018748984,1.006678755
789,0.973809482,1.017431903,1.005340024
790,0.973564108,1.017244265,1.005152385
791,0.973751747,1.017410253,1.005321982
792,0.975725563,1.018987141,1.006934954
793,0.976169401,1.019340768,1.007295798
794,0.975436888,1.018756201,1.006685972
795,0.973621843,1.017265915,1.00516321
796,0.975725563,1.018990749,1.006924129
797,0.97390691,1.017507681,1.005415801
798,0.973719271,1.017363343,1.005267855
799,0.975822991,1.019062918,1.007010731
800,0.975949287,1.019163954,1.007108159
801,0.975148213,1.018525261,1.006451423
802,0.975180689,1.01855052,1.006476682
803,0.97312027,1.016865378,1.004759065
804,0.973257391,1.016980849,1.004878144
805,0.973549675,1.017237048,1.005145168
806,0.973751747,1.017410253,1.005321982
807,0.975729172,1.018987141,1.006934954
808,0.976169401,1.019340768,1.007295798
809,0.974083724,1.017904609,1.00571891
810,0.972286721,1.016407107,1.004196149
811,0.974383224,1.018139158,1.005957067
812,0.972568179,1.016652481,1.004445131
813,0.97238054,1.016504535,1.004297185
814,0.974448176,1.018211326,1.006036453
815,0.974574471,1.018308754,1.00613388
816,0.973795048,1.01767006,1.005480753
817,0.973823916,1.01769532,1.00550962
818,0.972813553,1.016850945,1.004650812
819,0.97406929,1.017882958,1.005697259
820,0.974343531,1.018117507,1.005942633
821,0.973852783,1.017724187,1.005542096
822,0.97434714,1.018131941,1.005957067
823,0.974794586,1.018485568,1.006321519
824,0.974249712,1.01804173,1.005859639
825,0.973997121,1.01783244,1.005646741
826,0.975804949,1.019286641,1.007137026
827,0.972698083,1.016760734,1.004556992
828,0.972113516,1.01628442,1.004073462
829,0.972405799,1.016551444,1.004351311
830,0.973408945,1.01737056,1.005181252
831,0.974469827,1.018229368,1.006054495
832,0.974321881,1.018099465,1.005920982
833,0.972813553,1.016854553,1.004650812
834,0.97406929,1.017882958,1.005697259
835,0.973116662,1.017099927,1.004903403
836,0.97219651,1.016349372,1.004138413
837,0.973831133,1.017706145,1.005520446
838,0.974801803,1.018489176,1.006325128
839,0.974249712,1.01804173,1.005859639
840,0.973643494,1.017547373,1.005358066
841,0.973556891,1.017475205,1.005282289
842,0.970828911,1.015212713,1.002983713
843,0.972095474,1.016273594,1.004066245
844,0.972405799,1.016551444,1.004351311
845,0.973408945,1.01737056,1.005181252
846,0.974469827,1.018229368,1.006054495
847,0.974321881,1.018099465,1.005920982
848,0.972817161,1.016854553,1.004650812
849,0.97406929,1.017882958,1.005697259
850,0.97312027,1.017099927,1.004903403
851,0.97219651,1.016349372,1.004138413
852,0.973831133,1.017706145,1.005520446
853,0.974801803,1.018489176,1.006325128
854,0.974249712,1.01804173,1.005859639
855,0.973643494,1.017547373,1.005358066
856,0.973679578,1.017576241,1.005386933
857,0.972690866,1.016742692,1.00453895
858,0.974556429,1.018283495,1.006105013
859,0.974217236,1.018016471,1.005841597
860,0.973942994,1.017799964,1.005617874
861,0.97446261,1.018222152,1.006050886
862,0.974321881,1.018099465,1.005920982
863,0.97395382,1.017799964,1.005614265
864,0.97571113,1.019210864,1.007061249
865,0.973820307,1.017684494,1.005498795
866,0.97219651,1.016349372,1.004142022
867,0.972467143,1.016594746,1.004394613
868,0.972308371,1.016472059,1.004268317
869,0.974635815,1.018359272,1.006188007
870,0.972131558,1.016804035,1.004409046
871,0.971005725,1.015865841,1.003456418
872,0.970017013,1.015021466,1.00259761
873,0.971366569,1.016136474,1.00373066
874,0.969854633,1.014902388,1.002474923
875,0.970031446,1.015061159,1.002640911
876,0.971777931,1.016518968,1.004120371
877,0.971633593,1.016392673,1.003990467
878,0.971269141,1.016085956,1.003680142
879,0.971207798,1.016039046,1.003629624
880,0.968873137,1.01408688,1.001652199
881,0.969125728,1.014299778,1.001868705
882,0.969789681,1.014880737,1.002456881
883,0.969620084,1.014750833,1.002330585
884,0.971940311,1.016652481,1.004257492
885,0.972124341,1.016800427,1.004405438
886,0.971005725,1.015865841,1.003456418
887,0.970017013,1.015025075,1.00259761
888,0.971366569,1.016136474,1.00373066
889,0.969854633,1.014902388,1.002474923
890,0.970031446,1.015061159,1.002640911
891,0.971777931,1.016518968,1.004120371
892,0.971633593,1.016392673,1.003990467
893,0.971269141,1.016085956,1.003680142
894,0.971207798,1.016039046,1.003629624
895,0.970060314,1.015068376,1.00264452
896,0.971528949,1.016277203,1.003871389
897,0.971673286,1.01642154,1.004022943
898,0.970897472,1.01579728,1.003391467
899,0.971943919,1.016652481,1.004257492
900,0.972124341,1.016800427,1.004405438
901,0.971319659,1.016129257,1.003723443
902,0.971680503,1.016432366,1.00403016
903,0.972741384,1.017294783,1.004907011
904,0.969858241,1.014902388,1.002478531
905,0.969591217,1.014696707,1.00227285
906,0.969558741,1.014700315,1.002280067
907,0.970915514,1.015815323,1.0034059
908,0.971940311,1.016652481,1.004253884
909,0.971554208,1.016324113,1.003918299
910,0.970060314,1.015068376,1.00264452
911,0.971528949,1.016277203,1.003871389
912,0.970258778,1.015227147,1.002803291
913,0.969298933,1.014447724,1.002016651
914,0.971583075,1.01635298,1.003954383
915,0.972117124,1.016796818,1.00440183
916,0.971319659,1.016129257,1.003723443
917,0.971157279,1.015995745,1.003586322
918,0.970309296,1.015292099,1.002871851
919,0.96840404,1.013689952,1.001248054
920,0.969584,1.014693098,1.002265634
921,0.969558741,1.014700315,1.002280067
922,0.970915514,1.015815323,1.0034059
923,0.971940311,1.016652481,1.004257492
924,0.971554208,1.016324113,1.003921907
925,0.970063922,1.015068376,1.00264452
926,0.971528949,1.016277203,1.003871389
927,0.970258778,1.015227147,1.002803291
928,0.969298933,1.014447724,1.002016651
929,0.972918198,1.01720818,1.004917836
930,0.973459464,1.01764841,1.005365283
931,0.97265839,1.016984457,1.004690505
932,0.97249601,1.016850945,1.004553384
933,0.971933094,1.016381848,1.004073462
934,0.971774322,1.016233902,1.003921907
935,0.973217698,1.017435512,1.005145168
936,0.972687258,1.017016933,1.004722981
937,0.972618697,1.016966415,1.004672462
938,0.973286258,1.017507681,1.005220945
939,0.972892939,1.017179313,1.00488536
940,0.972629523,1.016962806,1.004665246
941,0.974502302,1.018489176,1.006220483
942,0.972113516,1.016522577,1.004217799
943,0.970641273,1.015310141,1.00299093
944,0.972921806,1.01720818,1.004917836
945,0.97372288,1.017861308,1.005581789
946,0.973311518,1.017525723,1.005238987
947,0.972203727,1.016623613,1.004326052
948,0.970071139,1.014855478,1.00252905
949,0.970164959,1.014909604,1.002583176
950,0.971777931,1.016255552,1.003950775
951,0.9718501,1.016338546,1.004037377
952,0.972615089,1.016962806,1.004668854
953,0.973286258,1.017507681,1.005220945
954,0.972892939,1.017179313,1.00488536
955,0.972629523,1.016962806,1.004665246
956,0.97346668,1.017637584,1.005354457
957,0.970616013,1.015248798,1.002922369
958,0.969161812,1.014039971,1.001699109
959,0.971514515,1.016028221,1.003716226
960,0.972939848,1.017215397,1.004925053
961,0.973293475,1.017514898,1.005231771
962,0.972203727,1.016623613,1.004326052
963,0.970074748,1.014855478,1.00252905
964,0.970164959,1.014913213,1.002583176
965,0.971777931,1.016255552,1.003950775
966,0.970763959,1.015447262,1.003128051
967,0.970626839,1.015324575,1.003005364
968,0.971002116,1.015634901,1.003319298
969,0.971702154,1.016197817,1.00389304
970,0.972622306,1.016955589,1.004658029
971,0.97346668,1.017637584,1.005354457
972,0.971961961,1.016360197,1.004051811
973,0.971817624,1.01623751,1.003925516
974,0.973109445,1.017334476,1.005044132
975,0.974018772,1.018088639,1.005812729
976,0.973304301,1.017522114,1.005238987
977,0.972203727,1.016623613,1.004326052
978,0.970597971,1.015299316,1.002980105
979,0.971842883,1.016327721,1.004022943
980,0.972990366,1.017269524,1.004982788
981,0.970767568,1.015447262,1.003131659
982,0.970626839,1.015324575,1.003005364
983,0.971002116,1.015634901,1.003319298
984,0.973506373,1.017680886,1.005397759
985,0.974892014,1.018795893,1.006538026
986,0.973852783,1.017951519,1.005672
987,0.971961961,1.016360197,1.004051811
988,0.971817624,1.01623751,1.003925516
989,0.973109445,1.017334476,1.005044132
990,0.976732318,1.019784606,1.007746853
991,0.976050323,1.019232515,1.007187545
992,0.974910056,1.018337622,1.006263784
993,0.973289867,1.017020541,1.004921445
994,0.974538387,1.018038121,1.005960675
995,0.975714738,1.018976315,1.006924129
996,0.973463072,1.017168487,1.005072999
997,0.973315126,1.0170458,1.004946704
998,0.973694012,1.017352518,1.005260638
999,0.976230745,1.019387677,1.007342707
1000,0.977309668,1.020015546,1.008147389
1001,0.974884797,1.018315971,1.006238525
1002,0.972001654,1.015916359,1.003795612
1003,0.973040885,1.016767951,1.004661637
1004,0.974383224,1.017897392,1.005812729
1005,0.975256466,1.018615471,1.006548851
1006,0.975729172,1.018987141,1.006934954
1007,0.974910056,1.018337622,1.006263784
1008,0.973289867,1.017020541,1.004921445
1009,0.974538387,1.018038121,1.005960675
1010,0.975884335,1.019113436,1.007057641
1011,0.974195585,1.017745838,1.005653958
1012,0.974101766,1.017662844,1.005570964
1013,0.973997121,1.017579849,1.00548797
1014,0.975032743,1.018427833,1.006350387
1015,0.977013776,1.019791823,1.007912841
1016,0.974884797,1.018315971,1.006238525
1017,0.973430596,1.017125186,1.00502609
1018,0.974643032,1.018113898,1.006032844
1019,0.974744068,1.018196893,1.006119447
1020,0.973899693,1.017511289,1.005419409
1021,0.973347602,1.01707106,1.004971963
1022,0.974726026,1.018193284,1.006119447
1023,0.975768865,1.019019617,1.00696743
1024,0.976014239,1.019214472,1.007165894
1025,0.97589516,1.019117045,1.007064858
1026,0.974195585,1.017745838,1.005653958
1027,0.974101766,1.017662844,1.005570964
1028,0.973997121,1.017579849,1.00548797
1029,0.975032743,1.018427833,1.006350387
1030,0.977013776,1.019791823,1.007912841
1031,0.974884797,1.018315971,1.006238525
1032,0.973430596,1.017125186,1.00502609
1033,0.974643032,1.018113898,1.006032844
1034,0.974744068,1.018196893,1.006119447
1035,0.973896085,1.017511289,1.005419409
1036,0.973347602,1.01707106,1.004971963
1037,0.974726026,1.018193284,1.006119447
1038,0.975768865,1.019019617,1.00696743
1039,0.976014239,1.019214472,1.007165894
1040,0.97589516,1.019117045,1.007064858
1041,0.974195585,1.017745838,1.005653958
1042,0.974101766,1.017662844,1.005570964
1043,0.973997121,1.017579849,1.00548797
1044,0.975032743,1.018427833,1.006350387
1045,0.977013776,1.019791823,1.007912841
1046,0.97469355,1.018160808,1.006083362
1047,0.971485647,1.015526648,1.0034059
1048,0.97224342,1.016150908,1.004037377
1049,0.975660611,1.018467525,1.006588544
1050,0.976252395,1.018933014,1.007064858
1051,0.977995272,1.020084106,1.008407197
1052,0.980015998,1.021639344,1.010023778
1053,0.979532467,1.021274891,1.009634066
1054,0.979012851,1.020881571,1.009222704
1055,0.979792274,1.021473355,1.009843356
1056,0.97804579,1.020134624,1.00844689
1057,0.976822529,1.019380461,1.007515913
1058,0.976454468,1.019088177,1.007216412
1059,0.975646178,1.01843505,1.006552459
1060,0.977601952,1.019784606,1.008096871
1061,0.978836038,1.020726408,1.009081975
1062,0.975743606,1.018521652,1.006653496
1063,0.976486944,1.019117045,1.007263322
1064,0.97744318,1.019654702,1.007974184
1065,0.977367403,1.019596967,1.007905624
1066,0.977995272,1.020084106,1.008407197
1067,0.980015998,1.021639344,1.010023778
1068,0.979532467,1.021274891,1.009634066
1069,0.979012851,1.020881571,1.009222704
1070,0.979792274,1.021473355,1.009843356
1071,0.97917884,1.021007867,1.009352608
1072,0.979168014,1.020997041,1.009345391
1073,0.979095846,1.020942915,1.009287656
1074,0.976862222,1.019409328,1.007548389
1075,0.977591126,1.019780997,1.008093263
1076,0.978836038,1.020726408,1.009081975
1077,0.975739997,1.018521652,1.006653496
1078,0.976486944,1.019117045,1.007263322
1079,0.97744318,1.019654702,1.007974184
1080,0.977367403,1.019596967,1.007905624
1081,0.977995272,1.020084106,1.008407197
1082,0.980015998,1.021639344,1.010023778
1083,0.979532467,1.021274891,1.009634066
1084,0.979012851,1.020881571,1.009222704
1085,0.978500453,1.020473818,1.008807734
1086,0.976299305,1.018972707,1.007104551
1087,0.977064294,1.019578925,1.00772881
1088,0.977865368,1.020001112,1.008316986
1089,0.976862222,1.019412937,1.007551997
1090,0.977591126,1.019780997,1.008093263
1091,0.978406634,1.020401649,1.008739173
1092,0.973957428,1.017074668,1.005170427
1093,0.975122954,1.018030904,1.006144706
1094,0.977454006,1.01965831,1.007977793
1095,0.977371012,1.019596967,1.007905624
1096,0.977995272,1.020084106,1.008407197
1097,0.978215386,1.020257311,1.008584011
1098,0.976887481,1.019430979,1.007573648
1099,0.978518495,1.020502685,1.008832993
1100,0.978486019,1.020466601,1.008804125
1101,0.976299305,1.018972707,1.007104551
1102,0.977064294,1.019578925,1.00772881
1103,0.977865368,1.020001112,1.008316986
1104,0.976862222,1.019412937,1.007551997
1105,0.978244254,1.020278962,1.008605661
1106,0.980120642,1.021722338,1.010106772
1107,0.976638498,1.019236123,1.007375183
1108,0.976598806,1.019207256,1.007349924
1109,0.978929857,1.020794969,1.009154144
1110,0.974444567,1.018200501,1.006025627
1111,0.973896085,1.017753055,1.005563747
1112,0.973813091,1.017684494,1.005498795
1113,0.972824378,1.01686177,1.004658029
1114,0.974130633,1.017933476,1.005747777
1115,0.974343531,1.018117507,1.005942633
1116,0.973740922,1.017633976,1.005448277
1117,0.974487869,1.018240194,1.006068928
1118,0.974819845,1.01850361,1.006339561
1119,0.974177543,1.017980386,1.005801904
1120,0.974119808,1.017933476,1.005751386
1121,0.975657003,1.019167563,1.00701434
1122,0.972586221,1.016666914,1.004463173
1123,0.972185685,1.016345763,1.004138413
1124,0.972337239,1.016497318,1.004297185
1125,0.973520807,1.017460771,1.005275072
1126,0.974534778,1.018276278,1.006105013
1127,0.974235278,1.018030904,1.005848814
1128,0.972824378,1.01686177,1.004658029
1129,0.974130633,1.017933476,1.005747777
1130,0.973026451,1.01702415,1.004824017
1131,0.972095474,1.016266378,1.004055419
1132,0.974036814,1.017872133,1.005693651
1133,0.974823454,1.018507218,1.006339561
1134,0.974177543,1.017980386,1.005801904
1135,0.973719271,1.017605109,1.005415801
1136,0.973304301,1.017265915,1.005069391
1137,0.970904689,1.015274057,1.003048665
1138,0.972174859,1.016338546,1.004134805
1139,0.972340847,1.016497318,1.004297185
1140,0.973520807,1.017460771,1.005275072
1141,0.974534778,1.018276278,1.006105013
1142,0.974238886,1.018030904,1.005848814
1143,0.972824378,1.01686177,1.004658029
1144,0.974130633,1.017933476,1.005747777
1145,0.973026451,1.01702415,1.004824017
1146,0.972095474,1.016266378,1.004055419
1147,0.974036814,1.017872133,1.005693651
1148,0.974823454,1.018507218,1.006339561
1149,0.974177543,1.017980386,1.005798296
1150,0.973719271,1.017605109,1.005415801
1151,0.973488331,1.01741747,1.005224554
1152,0.97284242,1.016868987,1.004665246
1153,0.974563646,1.018290712,1.006115838
1154,0.974130633,1.01794791,1.005769428
1155,0.973971862,1.017825223,1.005643133
1156,0.974523953,1.01827267,1.006101404
1157,0.974235278,1.018030904,1.005848814
1158,0.973979079,1.017818006,1.005635916
1159,0.975790515,1.019272207,1.007126201
1160,0.973650711,1.017547373,1.005354457
1161,0.972095474,1.016266378,1.004059028
1162,0.972571788,1.016684957,1.004484824
1163,0.972384149,1.016533402,1.004333269
1164,0.974643032,1.018362881,1.006195224
1165,0.974812628,1.018500001,1.006332345
1166,0.973488331,1.01741747,1.005224554
1167,0.97284242,1.016868987,1.004665246
1168,0.973831133,1.017684494,1.005495187
1169,0.9698835,1.014927647,1.002500182
1170,0.971254707,1.016089564,1.003687359
1171,0.971832057,1.016565878,1.004167281
1172,0.971546991,1.016320504,1.003918299
1173,0.9712944,1.016107606,1.003701792
1174,0.973073361,1.017569024,1.005188469
1175,0.970976857,1.015833365,1.003420334
1176,0.969418012,1.014545152,1.002114079
1177,0.969887109,1.014963731,1.002543483
1178,0.969695861,1.014815785,1.002391929
1179,0.971947528,1.016659697,1.0042611
1180,0.972113516,1.01679321,1.004398221
1181,0.970810869,1.015703461,1.00329043
1182,0.970172175,1.01515137,1.002727514
1183,0.971168105,1.015970486,1.003561063
1184,0.969876283,1.014924038,1.002496574
1185,0.971254707,1.016089564,1.003687359
1186,0.971832057,1.016565878,1.004167281
1187,0.971546991,1.016320504,1.003918299
1188,0.9712944,1.016107606,1.003701792
1189,0.973073361,1.017569024,1.005188469
1190,0.972228986,1.016858162,1.004463173
1191,0.971929485,1.016609179,1.004206974
1192,0.971662461,1.016410715,1.004012118
1193,0.970864996,1.015772021,1.003362599
1194,0.971951136,1.016659697,1.004264709
1195,0.972113516,1.01679321,1.004398221
1196,0.971207798,1.016039046,1.003629624
1197,0.971875359,1.016587529,1.004188932
1198,0.972441884,1.017049409,1.004658029
1199,0.969879892,1.014924038,1.002500182
1200,0.971254707,1.016089564,1.003687359
1201,0.971832057,1.016565878,1.004167281
1202,0.973242957,1.017709753,1.005329198
1203,0.973535241,1.017944302,1.005570964
1204,0.973538849,1.01794791,1.005574572
1205,0.972228986,1.01686177,1.004463173
1206,0.971929485,1.016609179,1.004206974
1207,0.971662461,1.016410715,1.004012118
1208,0.970864996,1.015772021,1.003362599
1209,0.971951136,1.016659697,1.004264709
1210,0.972113516,1.01679321,1.004398221
1211,0.971207798,1.016039046,1.003629624
1212,0.971875359,1.016587529,1.004188932
1213,0.972441884,1.017049409,1.004658029
1214,0.969879892,1.014924038,1.002500182
1215,0.971254707,1.016089564,1.003687359
1216,0.971832057,1.016565878,1.004167281
1217,0.973242957,1.017709753,1.005329198
1218,0.973535241,1.01794791,1.005570964
1219,0.973542458,1.01794791,1.005574572
1220,0.972228986,1.01686177,1.004463173
1221,0.971933094,1.016609179,1.004206974
1222,0.971662461,1.016410715,1.004012118
1223,0.970864996,1.015772021,1.003362599
1224,0.971951136,1.016659697,1.004264709
1225,0.972113516,1.01679321,1.004398221
1226,0.971207798,1.016039046,1.003629624
1227,0.971875359,1.016587529,1.004188932
1228,0.972806336,1.017345301,1.004957529
1229,0.971990829,1.016659697,1.004257492
1230,0.973517199,1.017929868,1.005552922
1231,0.973538849,1.01794791,1.005574572
1232,0.973542458,1.01794791,1.005574572
1233,0.973542458,1.01794791,1.005574572
1234,0.973542458,1.01794791,1.005574572
1235,0.973542458,1.01794791,1.005574572
1236,0.973542458,1.01794791,1.005574572
1237,0.972099082,1.016778776,1.004383787
1238,0.970868604,1.01577563,1.003366208
1239,0.971951136,1.016659697,1.004264709
1240,0.972506836,1.017117969,1.004726589
1241,0.973538849,1.01794791,1.005570964
1242,0.973538849,1.01794791,1.005574572
1243,0.972809945,1.017348909,1.004957529
1244,0.971990829,1.016659697,1.004257492
1245,0.973517199,1.017929868,1.005552922
1246,0.973538849,1.01794791,1.005574572
1247,0.973542458,1.01794791,1.005574572
1248,0.973542458,1.01794791,1.005574572
1249,0.973542458,1.01794791,1.005574572
1250,0.973542458,1.01794791,1.005574572
1251,0.973542458,1.01794791,1.005574572
1252,0.972099082,1.016778776,1.004383787
1253,0.970868604,1.01577563,1.003366208
1254,0.971951136,1.016659697,1.004264709
1255,0.972506836,1.017117969,1.004726589
1256,0.973538849,1.01794791,1.005570964
1257,0.973542458,1.01794791,1.005574572
1258,0.972809945,1.017348909,1.004961138
1259,0.971990829,1.016659697,1.004257492
1260,0.973538849,1.01794791,1.005570964
1261,0.973542458,1.01794791,1.005574572
1262,0.973542458,1.01794791,1.005574572
1263,0.973542458,1.01794791,1.005574572
1264,0.973542458,1.01794791,1.005574572
1265,0.973542458,1.01794791,1.005574572
1266,0.973542458,1.01794791,1.005574572
1267,0.973542458,1.01794791,1.005574572
1268,0.973542458,1.01794791,1.005574572
1269,0.973542458,1.01794791,1.005574572
1270,0.973542458,1.01794791,1.005574572
1271,0.973542458,1.01794791,1.005574572
1272,0.973542458,1.01794791,1.005574572
1273,0.973542458,1.01794791,1.005574572
1274,0.973542458,1.01794791,1.005574572
1275,0.973542458,1.01794791,1.005574572
1276,0.973542458,1.01794791,1.005574572
1277,0.973542458,1.01794791,1.005574572
1278,0.973542458,1.01794791,1.005574572
1279,0.973542458,1.01794791,1.005574572
1280,0.973542458,1.01794791,1.005574572
1281,0.973542458,1.01794791,1.005574572
1282,0.973542458,1.01794791,1.005574572
1283,0.973542458,1.01794791,1.005574572
1284,0.973542458,1.01794791,1.005574572
1285,0.973542458,1.01794791,1.005574572
1286,0.973542458,1.01794791,1.005574572
1287,0.973542458,1.01794791,1.005574572
1288,0.973542458,1.01794791,1.005574572
1289,0.974892014,1.018795893,1.006538026
1290,0.974899231,1.018799502,1.006541634
1291,0.974899231,1.018799502,1.006541634
1292,0.974899231,1.018799502,1.006541634
1293,0.974899231,1.018799502,1.006541634
1294,0.974899231,1.018799502,1.006541634
1295,0.974899231,1.018799502,1.006541634
1296,0.974899231,1.018799502,1.006541634
1297,0.974899231,1.018799502,1.006541634
1298,0.974899231,1.018799502,1.006541634
1299,0.974899231,1.018799502,1.006541634
1300,0.974899231,1.018799502,1.006541634
1301,0.974899231,1.018799502,1.006541634
1302,0.974899231,1.018799502,1.006541634
1303,0.974899231,1.018799502,1.006541634
1304,0.974899231,1.018799502,1.006541634
1305,0.974899231,1.018799502,1.006541634
1306,0.974899231,1.018799502,1.006541634
1307,0.974899231,1.018799502,1.006541634
1308,0.974899231,1.018799502,1.006541634
1309,0.974899231,1.018799502,1.006541634
1310,0.974899231,1.018799502,1.006541634
1311,0.974899231,1.018799502,1.006541634
1312,0.974899231,1.018799502,1.006541634
1313,0.974899231,1.018799502,1.006541634
1314,0.974899231,1.018799502,1.006541634
1315,0.974899231,1.018799502,1.006541634
1316,0.974899231,1.018799502,1.006541634
1317,0.974899231,1.018799502,1.006541634
1318,0.974899231,1.018799502,1.006541634
1319,0.974899231,1.018799502,1.006541634
1320,0.974899231,1.018799502,1.006541634
1321,0.974899231,1.018799502,1.006541634
1322,0.974899231,1.018799502,1.006541634
1323,0.974899231,1.018799502,1.006541634
1324,0.974899231,1.018799502,1.006541634
1325,0.974899231,1.018799502,1.006541634
1326,0.974899231,1.018799502,1.006541634
1327,0.974899231,1.018799502,1.006541634
1328,0.974899231,1.018799502,1.006541634
1329,0.974899231,1.018799502,1.006541634
1330,0.974899231,1.018799502,1.006541634
1331,0.974899231,1.018799502,1.006541634
1332,0.974899231,1.018799502,1.006541634
1333,0.974899231,1.018799502,1.006541634
1334,0.974899231,1.018799502,1.006541634
1335,0.974899231,1.018799502,1.006541634
1336,0.974899231,1.018799502,1.006541634
1337,0.974899231,1.018799502,1.006541634
1338,0.974899231,1.018799502,1.006541634
1339,0.974899231,1.018799502,1.006541634
1340,0.974899231,1.018799502,1.006541634
1341,0.974899231,1.018799502,1.006541634
1342,0.974899231,1.018799502,1.006541634
1343,0.974899231,1.018799502,1.006541634
1344,0.974899231,1.018799502,1.006541634
1345,0.974899231,1.018799502,1.006541634
1346,0.974899231,1.018799502,1.006541634
1347,0.974899231,1.018799502,1.006541634
1348,0.974899231,1.018799502,1.006541634
1349,0.974899231,1.018799502,1.006541634
1350,0.976266829,1.019643877,1.007508696
1351,0.976270438,1.019647485,1.007512304
1352,0.976270438,1.019647485,1.007512304
1353,0.976270438,1.019647485,1.007512304
1354,0.976270438,1.019647485,1.007512304
1355,0.976270438,1.019647485,1.007512304
1356,0.976270438,1.019647485,1.007512304
1357,0.976270438,1.019647485,1.007512304
1358,0.976270438,1.019647485,1.007512304
1359,0.976270438,1.019647485,1.007512304
1360,0.976270438,1.019647485,1.007512304
1361,0.976270438,1.019647485,1.007512304
1362,0.976270438,1.019647485,1.007512304
1363,0.976270438,1.019647485,1.007512304
1364,0.976270438,1.019647485,1.007512304
1365,0.976270438,1.019647485,1.007512304
1366,0.976270438,1.019647485,1.007512304
1367,0.976270438,1.019647485,1.007512304
1368,0.976270438,1.019647485,1.007512304
1369,0.976270438,1.019647485,1.007512304
1370,0.976270438,1.019647485,1.007512304
1371,0.976270438,1.019647485,1.007512304
1372,0.976270438,1.019647485,1.007512304
1373,0.976270438,1.019647485,1.007512304
1374,0.976270438,1.019647485,1.007512304
1375,0.976270438,1.019647485,1.007512304
1376,0.976270438,1.019647485,1.007512304
1377,0.976270438,1.019647485,1.007512304
1378,0.976270438,1.019647485,1.007512304
1379,0.976270438,1.019647485,1.007512304
1380,0.976270438,1.019647485,1.007512304
1381,0.976270438,1.019647485,1.007512304
1382,0.976270438,1.019647485,1.007512304
1383,0.976270438,1.019647485,1.007512304
1384,0.976270438,1.019647485,1.007512304
1385,0.976270438,1.019647485,1.007512304
1386,0.976270438,1.019647485,1.007512304
1387,0.976270438,1.019647485,1.007512304
1388,0.976270438,1.019647485,1.007512304
1389,0.976270438,1.019647485,1.007512304
1390,0.976270438,1.019647485,1.007512304
1391,0.976270438,1.019647485,1.007512304
1392,0.976270438,1.019647485,1.007512304
1393,0.976270438,1.019647485,1.007512304
1394,0.976270438,1.019647485,1.007512304
1395,0.976270438,1.019647485,1.007512304
1396,0.976270438,1.019647485,1.007512304
1397,0.976270438,1.019647485,1.007512304
1398,0.976270438,1.019647485,1.007512304
1399,0.976270438,1.019647485,1.007512304
1400,0.976270438,1.019647485,1.007512304
1401,0.976270438,1.019647485,1.007512304
1402,0.976270438,1.019647485,1.007512304
1403,0.976270438,1.019647485,1.007512304
1404,0.976270438,1.019647485,1.007512304
1405,0.976270438,1.019647485,1.007512304
1406,0.976270438,1.019647485,1.007512304
1407,0.976270438,1.019647485,1.007512304
1408,0.976270438,1.019647485,1.007512304
1409,0.983530617,1.023887401,1.01253886
1410,0.983537834,1.023887401,1.012542468
1411,0.983537834,1.023887401,1.012542468
1412,0.983537834,1.023887401,1.012542468
1413,0.983537834,1.023887401,1.012542468
1414,0.983537834,1.023887401,1.012542468
1415,0.983537834,1.023887401,1.012542468
1416,0.983537834,1.023887401,1.012542468
1417,0.983537834,1.023887401,1.012542468
1418,0.983537834,1.023887401,1.012542468
1419,0.983537834,1.023887401,1.012542468
1420,0.983537834,1.023887401,1.012542468
1421,0.983537834,1.023887401,1.012542468
1422,0.983537834,1.023887401,1.012542468
1423,0.983537834,1.023887401,1.012542468
1424,0.983537834,1.023887401,1.012542468
1425,0.983537834,1.023887401,1.012542468
1426,0.983537834,1.023887401,1.012542468
1427,0.983537834,1.023887401,1.012542468
1428,0.983537834,1.023887401,1.012542468
1429,0.983537834,1.023887401,1.012542468
1430,0.983537834,1.023887401,1.012542468
1431,0.983537834,1.023887401,1.012542468
1432,0.983537834,1.023887401,1.012542468
1433,0.983537834,1.023887401,1.012542468
1434,0.983537834,1.023887401,1.012542468
1435,0.983537834,1.023887401,1.012542468
1436,0.983537834,1.023887401,1.012542468
1437,0.983537834,1.023887401,1.012542468
1438,0.983537834,1.023887401,1.012542468
1439,0.983537834,1.023887401,1.012542468
1440,0.983537834,1.023887401,1.012542468
